0.0 0.3788983442741634
0.0 0.3793975662573562
0.0 0.37999663263718747
0.0 0.3806955434136574
0.0 0.3814942985867658
0.0 0.38239289815651284
0.0 0.3833913421228984
0.0 0.3843897860892839
0.0 0.38538823005566947
0.0 0.386386674022055
0.0 0.3873851179884406
0.0 0.3883835619548261
0.0 0.3893820059212117
0.0 0.39039897170893156
0.0 0.39144982848888027
0.0 0.3925345762610578
0.0 0.3936532150254642
0.0 0.3948057447820994
0.0 0.39599216553096334
0.0 0.39721247727205616
0.0 0.3984666800053778
0.0 0.3997547737309282
0.0 0.4010767584487075
0.0 0.4024141123373812
0.0 0.403751466226055
0.0 0.4050888201147287
0.0 0.4064261740034024
0.0 0.4077635278920762
0.0 0.40910088178074994
0.0 0.4104413016583292
0.0 0.411814680916643
0.0 0.4132210195556913
0.0 0.4146603175754741
0.0 0.4161325749759914
0.0 0.41763779175724325
0.0 0.4191759679192295
0.0 0.4207471034619504
0.0 0.4223511983854058
0.0 0.4239882526895956
0.0 0.4256552003856145
0.0 0.4273221480816334
0.0 0.4289890957776522
0.0 0.4306560434736711
0.0 0.43232299116968986
0.0 0.4339899388657087
0.0 0.4356568865617275
0.0 0.43735796341753286
0.0 0.4391124058686405
0.0 0.44092021391505054
0.0 0.44278138755676305
0.0 0.44469592679377784
0.0 0.4466638316260951
0.0 0.44868510205371476
0.0 0.4507597380766367
0.0 0.4528877396948611
0.0 0.455069106908388
0.0 0.4572697105574307
0.0 0.45947031420647355
0.0 0.4616709178555164
0.0 0.4638715215045591
0.0 0.46607212515360197
0.0 0.46827272880264476
0.0 0.47047871638745886
0.0 0.4727136426270439
0.0 0.4749775075214
0.0 0.477270311070527
0.0 0.4795920532744249
0.0 0.48194273413309374
0.0 0.48432235364653353
0.0 0.48673091181474426
0.0 0.4891684086377259
0.0 0.4916348441154786
0.0 0.49412483431223087
0.0 0.4966148245089832
0.0 0.4991048147057354
0.0 0.5015948049024878
0.0 0.5040847950992399
0.0 0.5065747852959921
0.0 0.5090647754927443
0.0 0.5115493470688316
0.0 0.5140265217976618
0.0 0.516496299679235
0.0 0.5189586807135512
0.0 0.5214136649006105
0.0 0.5238612522404127
0.0 0.5263014427329579
0.0 0.5287342363782461
0.0 0.5311596331762772
0.0 0.5335776331270514
0.0 0.5359936548512335
0.0 0.5384096765754157
0.0 0.5408256982995979
0.0 0.5432417200237801
0.0 0.5456577417479623
0.0 0.5480737634721444
0.0 0.5504887784852539
0.0 0.5529001861170191
0.0 0.5553079863674402
0.0 0.5577121792365171
0.0 0.5601127647242496
0.0 0.5625097428306381
0.0 0.5649031135556827
0.0 0.5672928768993828
0.0 0.5696790328617388
0.0 0.5720615814427508
0.0 0.5744415293534912
0.0 0.5768214772642316
0.0 0.5792014251749722
0.0 0.5815813730857127
0.0 0.5839613209964533
0.0 0.5863412689071937
0.0 0.588721216817934
0.0 0.5910995347668057
0.0 0.5934758783956666
0.0 0.5958502477045174
0.0 0.5982226426933578
0.0 0.6005930633621878
0.0 0.6029615097110075
0.0 0.6053279817398165
0.0 0.6076924794486155
0.0 0.610055002837404
0.0 0.6124155519061822
0.0 0.614775756616819
0.0 0.6171359613274559
0.0 0.6194961660380927
0.0 0.6218563707487295
0.0 0.6242165754593664
0.0 0.6265767801700032
0.0 0.628936438704577
0.0 0.6312946293909824
0.0 0.6336513522292186
0.0 0.6360066072192863
0.0 0.6383603943611849
0.0 0.6407127136549148
0.0 0.6430635651004758
0.0 0.645412948697868
0.0 0.6477608644470914
0.0 0.650107312348146
0.0 0.6524528385770947
0.0 0.6547983648060434
0.0 0.6571438910349918
0.0 0.6594894172639404
0.0 0.661834943492889
0.0 0.6641804697218375
0.0 0.6665259959507861
0.0 0.668893939035668
0.0 0.6712862852801738
0.0 0.6737030346843031
0.0 0.6761441872480564
0.0 0.6786097429714332
0.0 0.6810997018544337
0.0 0.6836140638970579
0.0 0.6861528290993059
0.0 0.6887159974611776
0.0 0.6913035689826731
0.0 0.6938931268078588
0.0 0.6964826846330445
0.0 0.6990722424582301
0.0 0.7016618002834157
0.0 0.7042513581086014
0.0 0.7068409159337871
0.0 0.7094351742805369
0.0 0.7120395387486501
0.0 0.7146540093381261
0.0 0.7172785860489649
0.0 0.7199132688811668
0.0 0.7225580578347319
0.0 0.7252129529096599
0.0 0.7278779541059509
0.0 0.730553061423605
0.0 0.7332382748626219
0.0 0.7359288939014378
0.0 0.7386195129402536
0.0 0.7413101319790696
0.0 0.7440007510178854
0.0 0.7466913700567013
0.0 0.7493819890955172
0.0 0.7520729306044553
0.0 0.7547916045439079
0.0 0.757538010913875
0.0 0.7603121497143566
0.0 0.7631140209453526
0.0 0.7659436246068634
0.0 0.7688009606988883
0.0 0.7716860292214278
0.0 0.774598830174482
0.0 0.7775393635580503
0.0 0.7805073069020112
0.0 0.7834752502459719
0.0 0.7864431935899326
0.0 0.7894111369338934
0.0 0.7923790802778541
0.0 0.7953470236218148
0.0 0.7983149669657754
0.0 0.8012843540327685
0.0 0.8042563277701944
0.0 0.807230888178053
0.0 0.8102080352563445
0.0 0.8131877690050688
0.0 0.8161700894242259
0.0 0.8191549965138158
0.0 0.8221424902738387
0.0 0.8251325707042942
0.0 0.8281252378051827
0.0 0.8311190478534716
0.0 0.8341128579017606
0.0 0.8371066679500495
0.0 0.8401004779983385
0.0 0.8430942880466274
0.0 0.8460880980949164
0.0 0.8490779656678293
0.0 0.8520301606982607
0.0 0.8549446831862108
0.0 0.8578215331316792
0.0 0.8606607105346662
0.0 0.8634622153951718
0.0 0.8662260477131958
0.0 0.8689522074887381
0.0 0.8716406947217991
0.0 0.8742915094123785
0.0 0.8769085940358523
0.0 0.8795256786593262
0.0 0.8821427632828001
0.0 0.884759847906274
0.0 0.8873769325297479
0.0 0.8899940171532219
0.0 0.8926111017766958
0.0 0.8952467935197211
0.0 0.8979110604820577
0.0 0.9006039026637054
0.0 0.9033253200646644
0.0 0.9060753126849345
0.0 0.9088538805245159
0.0 0.9116610235834083
0.0 0.914496741861612
0.0 0.9173610353591269
0.0 0.920253904075953
0.0 0.9231567408925387
0.0 0.9260595777091245
0.0 0.9289624145257104
0.0 0.931865251342296
0.0 0.9347680881588818
0.0 0.9376709249754677
0.0 0.9405776145619814
0.0 0.9435037946316593
0.0 0.9464494651845017
0.0 0.9494146262205082
0.0 0.9523992777396793
0.0 0.9554034197420147
0.0 0.9584270522275143
0.0 0.9614701751961786
0.0 0.9645327886480071
0.0 0.9676148925829997
0.0 0.9707126342312291
0.0 0.9738103758794583
0.0 0.9769081175276875
0.0 0.9800058591759168
0.0 0.983103600824146
0.0 0.9862013424723753
0.0 0.9892990841206047
0.0 0.9923923876220699
0.0 0.9954797273638212
0.0 0.9985611033458581
0.0 1.0016365155681808
0.0 1.0047059640307894
0.0 1.0077694487336837
0.0 1.010826969676864
0.0 1.01387852686033
0.0 1.0169241202840817
0.0 1.0199637499481193
0.0 1.023001853999207
0.0 1.0260399580502946
0.0 1.0290780621013822
0.0 1.0321161661524698
0.0 1.0351542702035574
0.0 1.0381923742546448
0.0 1.0412350447256267
0.0 1.0442934236810433
0.0 1.0473675111208958
0.0 1.0504573070451833
0.0 1.053562811453906
0.0 1.0566840243470643
0.0 1.0598209457246577
0.0 1.0629735755866867
0.0 1.066141913933151
0.0 1.0693259607640504
0.0 1.0725211496594913
0.0 1.0757163385549322
0.0 1.0789115274503733
0.0 1.082106716345814
0.0 1.085301905241255
0.0 1.0884970941366958
0.0 1.0916922830321367
0.0 1.0948854739804172
0.0 1.0980762784918117
0.0 1.10126469656632
0.0 1.1044507282039424
0.0 1.1076343734046785
0.0 1.1108156321685287
0.0 1.1139945044954929
0.0 1.1171709903855707
0.0 1.1203450898387628
0.0 1.1235168028550688
0.0 1.1266881273816491
0.0 1.1298594519082292
0.0 1.1330307764348093
0.0 1.1362021009613898
0.0 1.1393734254879702
0.0 1.1425447500145507
0.0 1.1456884303776806
0.0 1.1487600683754555
0.0 1.151759664007876
0.0 1.1546872172749412
0.0 1.1575427281766513
0.0 1.1603261967130063
0.0 1.1630376228840063
0.0 1.1656770066896511
0.0 1.1682443481299414
0.0 1.1707396472048763
0.0 1.1731905480779066
0.0 1.1756414489509368
0.0 1.1780923498239668
0.0 1.180543250696997
0.0 1.1829941515700277
0.0 1.1854450524430578
0.0 1.187895953316088
0.0 1.1903525015714567
0.0 1.1928151207628392
0.0 1.1952838108902355
0.0 1.1977585719536457
0.0 1.2002394039530695
0.0 1.2027263068885072
0.0 1.2052192807599589
0.0 1.2077183255674242
0.0 1.2102234413109036
0.0 1.2127346279903968
0.0 1.2152462382235647
0.0 1.2177578484567335
0.0 1.220269458689902
0.0 1.2227810689230703
0.0 1.2252926791562386
0.0 1.2278042893894074
0.0 1.2303188191349193
0.0 1.2328394727355914
0.0 1.2353662501914235
0.0 1.2378991515024154
0.0 1.2404381766685675
0.0 1.2429833256898792
0.0 1.2455345985663513
0.0 1.248091995297983
0.0 1.2506555158847747
0.0 1.2532251603267264
0.0 1.2557980091114942
0.0 1.2583708578962622
0.0 1.26094370668103
0.0 1.2635165554657983
0.0 1.2660894042505662
0.0 1.2686622530353342
0.0 1.2712346892402027
0.0 1.2737893845094
0.0 1.276326338842926
0.0 1.2788455522407811
0.0 1.2813470247029641
0.0 1.2838307562294764
0.0 1.2862967468203175
0.0 1.288744996475487
0.0 1.291175505194985
0.0 1.293588272978812
0.0 1.2959837124068674
0.0 1.298379151834922
0.0 1.3007745912629771
0.0 1.303170030691032
0.0 1.305565470119087
0.0 1.307960909547142
0.0 1.310356348975197
0.0 1.312751253847581
0.0 1.3151452205202152
0.0 1.3175382489931002
0.0 1.319930339266236
0.0 1.3223214913396224
0.0 1.3247117052132598
0.0 1.3271009808871477
0.0 1.329489318361286
0.0 1.331876717635675
0.0 1.3342631787103145
0.0 1.336649236140876
0.0 1.3390352935714371
0.0 1.3414213510019986
0.0 1.34380740843256
0.0 1.3461934658631214
0.0 1.348579523293683
0.0 1.3509660422610958
0.0 1.3533565304454285
0.0 1.3557509878466818
0.0 1.3581494144648556
0.0 1.3605518102999492
0.0 1.362958175351963
0.0 1.3653685096208978
0.0 1.3677828131067524
0.0 1.3702010858095273
0.0 1.3726233277292228
0.0 1.3750490773289872
0.0 1.3774748269287516
0.0 1.379900576528516
0.0 1.3823263261282803
0.0 1.3847520757280447
0.0 1.3871778253278093
0.0 1.3896035749275737
0.0 1.3920052085442984
0.0 1.3943704566427524
0.0 1.396699319222936
0.0 1.3989917962848486
0.0 1.4012478878284909
0.0 1.4034675938538625
0.0 1.4056509143609637
0.0 1.4077978493497942
0.0 1.409908398820354
0.0 1.4119825627726432
0.0 1.4140444571897017
0.0 1.4161063516067602
0.0 1.418168246023819
0.0 1.4202301404408773
0.0 1.4222920348579358
0.0 1.424353929274994
0.0 1.4264089483260838
0.0 1.428431118406433
0.0 1.430420439516042
0.0 1.4323769116549105
0.0 1.4343005348230389
0.0 1.4361913090204268
0.0 1.4380492342470745
0.0 1.4398743105029819
0.0 1.4416665377881492
0.0 1.4434259161025758
0.0 1.445159320812231
0.0 1.4468927255218862
0.0 1.4486261302315415
0.0 1.450359534941197
0.0 1.4520929396508522
0.0 1.4538263443605077
0.0 1.4555597490701628
0.0 1.457282929248081
0.0 1.458992581584009
0.0 1.4606887060779463
0.0 1.4623713027298937
0.0 1.4640403715398504
0.0 1.4656959125078166
0.0 1.4673379256337924
0.0 1.4689664109177776
0.0 1.4705813683597728
0.0 1.4721827979597772
0.0 1.4737809242495283
0.0 1.4753790505392796
0.0 1.4769771768290305
0.0 1.4785753031187818
0.0 1.4801734294085325
0.0 1.4817715556982838
0.0 1.4833768591126881
0.0 1.485005902247101
0.0 1.486658685101522
0.0 1.4883352076759515
0.0 1.490035469970389
0.0 1.4917594719848346
0.0 1.4935072137192884
0.0 1.4952786951737502
0.0 1.49707391634822
0.0 1.4988928772426984
0.0 1.500728400732531
0.0 1.5025639242223638
0.0 1.5043994477121967
0.0 1.5062349712020293
0.0 1.508070494691862
0.0 1.5099060181816946
0.0 1.5117415416715272
0.0 1.513574603525752
0.0 1.515404765370904
0.0 1.5172320272069832
0.0 1.5190563890339899
0.0 1.5208778508519236
0.0 1.522696412660785
0.0 1.524512074460574
0.0 1.5263248362512905
0.0 1.5281346980329338
0.0 1.5299416598055047
0.0 1.531748183204611
0.0 1.5335547066037174
0.0 1.5353612300028239
0.0 1.5371677534019301
0.0 1.5389742768010368
0.0 1.540780800200143
0.0 1.5425745525949972
0.0 1.544336001861449
0.0 1.5460651479994978
0.0 1.5477619910091438
0.0 1.5494265308903874
0.0 1.5510587676432281
0.0 1.5526587012676665
0.0 1.554226331763702
0.0 1.5557616591313348
0.0 1.5572646833705648
0.0 1.5587481754856445
0.0 1.5602316676007244
0.0 1.561715159715804
0.0 1.5631986518308836
0.0 1.5646821439459633
0.0 1.5661656360610432
0.0 1.567649128176123
0.0 1.5691534537539327
0.0 1.5706798988106903
0.0 1.5722284633463959
0.0 1.5737991473610493
0.0 1.575391950854651
0.0 1.5770068738272003
0.0 1.5786439162786978
0.0 1.5803030782091432
0.0 1.5819843596185361
0.0 1.5836877605068773
0.0 1.5853924474114363
0.0 1.5870971343159954
0.0 1.5888018212205544
0.0 1.5905065081251133
0.0 1.5922111950296731
0.0 1.5939158819342318
0.0 1.5956314965388239
0.0 1.59736948691015
0.0 1.5991298530482105
0.0 1.6009125949530052
0.0 1.6027177126245342
0.0 1.6045452060627974
0.0 1.6063950752677945
0.0 1.6082673202395257
0.0 1.6101619409779915
0.0 1.6120789374831914
0.0 1.6140073820550924
0.0 1.6159358266269934
0.0 1.6178642711988944
0.0 1.6197927157707954
0.0 1.6217211603426964
0.0 1.6236496049145976
0.0 1.625577016367952
0.0 1.6274748117562992
0.0 1.629342991079639
0.0 1.631181554337972
0.0 1.6329905015312975
0.0 1.6347698326596163
0.0 1.6365195477229277
0.0 1.6382396467212321
0.0 1.6399301296545292
0.0 1.6415909965228193
0.0 1.6432232804446487
0.0 1.6448555643664782
0.0 1.6464878482883079
0.0 1.6481201322101375
0.0 1.649752416131967
0.0 1.6513847000537967
0.0 1.6530169839756264
0.0 1.6546449209471654
0.0 1.656265381164205
0.0 1.6578783646267443
0.0 1.6594838713347841
0.0 1.6610819012883247
0.0 1.6626724544873648
0.0 1.6642555309319056
0.0 1.6658311306219464
0.0 1.667399253557488
0.0 1.6689598997385293
0.0 1.670517416115362
0.0 1.6720749324921942
0.0 1.6736324488690264
0.0 1.6751899652458588
0.0 1.6767474816226913
0.0 1.6783049979995233
0.0 1.679861265557229
0.0 1.681407769619942
0.0 1.6829445101876617
0.0 1.6844714872603892
0.0 1.6859887008381236
0.0 1.6874961509208655
0.0 1.6889938375086149
0.0 1.6904817606013711
0.0 1.6919599201991349
0.0 1.693428316301906
0.0 1.6948881977288113
0.0 1.696348079155717
0.0 1.6978079605826222
0.0 1.6992678420095275
0.0 1.700727723436433
0.0 1.7021876048633384
0.0 1.7036474862902438
0.0 1.7050754745874601
0.0 1.7064561730716883
0.0 1.707789581742929
0.0 1.7090757006011819
0.0 1.710314529646447
0.0 1.7115060688787245
0.0 1.7126503182980146
0.0 1.713747277904317
0.0 1.7147969476976317
0.0 1.7157993276779588
0.0 1.7167863109749875
0.0 1.7177732942720163
0.0 1.718760277569045
0.0 1.7197472608660735
0.0 1.7207342441631024
0.0 1.721721227460131
0.0 1.7226994514923561
0.0 1.7236380283259969
0.0 1.7245369579610539
0.0 1.725396240397527
0.0 1.726215875635416
0.0 1.726995863674721
0.0 1.7277362045154419
0.0 1.7284368981575788
0.0 1.7290979446011314
0.0 1.7297193438460998
0.0 1.730309855157288
0.0 1.7309003664684757
0.0 1.731490877779664
0.0 1.732081389090852
0.0 1.73267190040204
0.0 1.7332624117132283
0.0 1.7338529230244162
0.0 1.7344135547913606
0.0 1.7349352526067137
0.0 1.7354180164704762
0.0 1.7358618463826483
0.0 1.7362667423432292
0.0 1.7366327043522196
0.0 1.7369597324096193
0.0 1.7372478265154279
0.0 1.7374969866696461
0.0 1.7377072128722737
0.0 1.7379083846675543
0.0 1.7381095564628353
0.0 1.7383107282581158
0.0 1.7385119000533966
0.0 1.7387130718486774
0.0 1.7389142436439577
0.0 1.7391028916224684
0.0 1.73925164892534
0.0 1.7393605155525727
0.0 1.7394294915041666
0.0 1.7394585767801218
0.0 1.739447771380438
0.0 1.7393970753051158
0.0 1.7393064885541545
0.0 1.7391760111275547
0.0 1.739005643025316
0.0 1.738807908064209
0.0 1.7386101731031018
0.0 1.7384124381419948
0.0 1.7382147031808874
0.0 1.7380169682197801
0.0 1.737819233258673
0.0 1.737621498297566
0.0 1.7374018453413125
0.0 1.7371567201204299
0.0 1.736886122634918
0.0 1.7365900528847769
0.0 1.7362685108700064
0.0 1.7359214965906067
0.0 1.7355490100465776
0.0 1.7351510512379194
0.0 1.7347276201646318
0.0 1.7342787168267149
0.0 1.733826259219315
0.0 1.7333738016119145
0.0 1.7329213440045144
0.0 1.7324688863971145
0.0 1.7320164287897144
0.0 1.7315639711823145
0.0 1.731101015915264
0.0 1.7306122663987875
0.0 1.730097722632885
0.0 1.7295573846175563
0.0 1.7289912523528015
0.0 1.7283993258386203
0.0 1.7277816050750132
0.0 1.72713809006198
0.0 1.7264687807995205
0.0 1.7257736772876349
0.0 1.7250632771859733
0.0 1.724352877084312
0.0 1.7236424769826504
0.0 1.7229320768809888
0.0 1.7222216767793275
0.0 1.7215112766776655
0.0 1.7208008765760041
0.0 1.720060498204307
0.0 1.719288679207938
0.0 1.718485419586898
0.0 1.7176507193411858
0.0 1.7167845784708025
0.0 1.7158869969757478
0.0 1.7149579748560215
0.0 1.7139975121116235
0.0 1.7130056087425543
0.0 1.711982264748813
0.0 1.7109574584004361
0.0 1.7099326520520592
0.0 1.7089078457036824
0.0 1.7078830393553053
0.0 1.7068582330069284
0.0 1.7058334266585518
0.0 1.704800989804632
0.0 1.7037532919396265
0.0 1.7026903330635355
0.0 1.7016121131763586
0.0 1.700518632278096
0.0 1.699409890368748
0.0 1.6982858874483142
0.0 1.6971466235167947
0.0 1.6959920985741896
0.0 1.6948223126204989
0.0 1.6936448961612656
0.0 1.6924674797020318
0.0 1.691290063242798
0.0 1.6901126467835645
0.0 1.6889352303243308
0.0 1.6877578138650975
0.0 1.6865799337823861
0.0 1.685392085794898
0.0 1.684194269902633
0.0 1.6829864861055923
0.0 1.6817687344037746
0.0 1.6805410147971813
0.0 1.6793033272858107
0.0 1.6780556718696642
0.0 1.676798048548741
0.0 1.6755304573230414
0.0 1.6742533618160436
0.0 1.6729762663090455
0.0 1.6716991708020472
0.0 1.6704220752950492
0.0 1.669144979788051
0.0 1.6678678842810533
0.0 1.6665907887740552
0.0 1.6653088666040743
0.0 1.6640188053553375
0.0 1.662720605027845
0.0 1.6614142656215967
0.0 1.6600997871365928
0.0 1.658777169572833
0.0 1.6574464129303177
0.0 1.6561075172090465
0.0 1.6547604824090199
0.0 1.6534053085302374
0.0 1.652046822235682
0.0 1.6506883359411268
0.0 1.6493298496465718
0.0 1.6479713633520165
0.0 1.6466128770574615
0.0 1.6452543907629065
0.0 1.6438961349749746
0.0 1.6425395311511763
0.0 1.641184579291512
0.0 1.6398312793959815
0.0 1.638479631464585
0.0 1.6371296354973224
0.0 1.6357812914941934
0.0 1.634434599455198
0.0 1.6330895593803367
0.0 1.631746171269609
0.0 1.630404204616392
0.0 1.6290622379631752
0.0 1.627720271309958
0.0 1.6263783046567404
0.0 1.6250363380035235
0.0 1.6236943713503065
0.0 1.6223524046970894
0.0 1.6210047743074472
0.0 1.6196488883019993
0.0 1.6182847466807453
0.0 1.6169123494436854
0.0 1.61553169659082
0.0 1.6141427881221482
0.0 1.6127456240376712
0.0 1.6113402043373877
0.0 1.6099265290212985
0.0 1.6085045980894035
0.0 1.6070800752781276
0.0 1.6056555524668514
0.0 1.6042310296555753
0.0 1.6028065068442992
0.0 1.6013819840330232
0.0 1.5999574612217473
0.0 1.5985303464887797
0.0 1.5970920864925393
0.0 1.5956426812330258
0.0 1.5941821307102395
0.0 1.5927104349241799
0.0 1.5912275938748472
0.0 1.5897336075622417
0.0 1.5882284759863632
0.0 1.5867121991472115
0.0 1.5851847770447869
0.0 1.5836488016007806
0.0 1.5821128261567745
0.0 1.5805768507127678
0.0 1.579040875268762
0.0 1.5775048998247554
0.0 1.5759689243807493
0.0 1.5744329489367432
0.0 1.5728901083208697
0.0 1.571338455693346
0.0 1.5697779910541723
0.0 1.5682087144033483
0.0 1.5666306257408742
0.0 1.5650437250667493
0.0 1.5634480123809742
0.0 1.5618434876835492
0.0 1.5602301509744738
0.0 1.5586080022537483
0.0 1.5569839066932394
0.0 1.5553598111327305
0.0 1.5537357155722216
0.0 1.5521116200117129
0.0 1.550487524451204
0.0 1.5488634288906955
0.0 1.5472393349228952
0.0 1.5456152458469854
0.0 1.5439911616629665
0.0 1.5423670823708384
0.0 1.540743007970601
0.0 1.5391189384622543
0.0 1.5374948738457983
0.0 1.535870814121233
0.0 1.5342467592885582
0.0 1.5326227093477742
0.0 1.5309986627061725
0.0 1.5293746160645705
0.0 1.5277505694229687
0.0 1.526126522781367
0.0 1.524502476139765
0.0 1.5228784294981632
0.0 1.521254382856561
0.0 1.5196167948123973
0.0 1.5179636792932958
0.0 1.516295036299257
0.0 1.5146108658302806
0.0 1.5129111678863665
0.0 1.511195942467515
0.0 1.5094651895737257
0.0 1.507718909204999
0.0 1.5059571013613346
0.0 1.5041797660427325
0.0 1.502400444651755
0.0 1.5006211232607778
0.0 1.4988418018698002
0.0 1.4970624804788226
0.0 1.4952831590878448
0.0 1.4935038376968672
0.0 1.4917163350751674
0.0 1.4899092884022975
0.0 1.488082697678258
0.0 1.4862365629030485
0.0 1.4843708840766694
0.0 1.4824856611991202
0.0 1.480580894270401
0.0 1.4786565832905123
0.0 1.4767127282594537
0.0 1.4747493291772251
0.0 1.472774567274549
0.0 1.470799805371873
0.0 1.468825043469197
0.0 1.4668502815665208
0.0 1.4648755196638445
0.0 1.4629007577611686
0.0 1.4609259958584926
0.0 1.4589521772661715
0.0 1.4569793360797607
0.0 1.45500747229926
0.0 1.4530365859246694
0.0 1.4510666769559892
0.0 1.4490977453932192
0.0 1.4471297912363594
0.0 1.4451628144854098
0.0 1.4431968151403705
0.0 1.4412317932012408
0.0 1.4392668053576665
0.0 1.437301817514092
0.0 1.4353368296705176
0.0 1.4333718418269432
0.0 1.4314068539833686
0.0 1.4294418661397943
0.0 1.4274835552359606
0.0 1.425538294714347
0.0 1.4236060845749534
0.0 1.4216869248177801
0.0 1.419780815442827
0.0 1.4178877564500945
0.0 1.4160077478395816
0.0 1.4141407896112885
0.0 1.412286881765216
0.0 1.410446024301364
0.0 1.4086115402799915
0.0 1.4067770562586188
0.0 1.4049425722372464
0.0 1.4031080882158737
0.0 1.401273604194501
0.0 1.3994391201731284
0.0 1.3976033801389962
0.0 1.3957460366853969
0.0 1.3938670898123304
0.0 1.3919665395197964
0.0 1.3900443858077955
0.0 1.3881006286763273
0.0 1.3861352681253925
0.0 1.3841483041549902
0.0 1.3821397367651207
0.0 1.380109565955784
0.0 1.37805904773974
0.0 1.3760085295236961
0.0 1.3739580113076524
0.0 1.3719074930916082
0.0 1.3698569748755642
0.0 1.3678064566595203
0.0 1.3657559384434763
0.0 1.3636873848943114
0.0 1.3615890036788307
0.0 1.3594607947970347
0.0 1.3573027582489234
0.0 1.3551148940344964
0.0 1.3528972021537538
0.0 1.3506496826066956
0.0 1.3483723353933221
0.0 1.3460651605136331
0.0 1.3437281579676288
0.0 1.3413793630884296
0.0 1.3390305682092307
0.0 1.3366817733300316
0.0 1.3343329784508327
0.0 1.331984183571633
0.0 1.329635388692434
0.0 1.3272848403746693
0.0 1.3249226923863926
0.0 1.3225489447276038
0.0 1.3201635973983032
0.0 1.3177666503984904
0.0 1.3153581037281656
0.0 1.3129379573873288
0.0 1.3105062113759802
0.0 1.3080628656941198
0.0 1.3056079203417472
0.0 1.3031431287574282
0.0 1.3006783371731094
0.0 1.2982135455887907
0.0 1.2957487540044719
0.0 1.2932839624201533
0.0 1.2908191708358345
0.0 1.2883543792515155
0.0 1.2858736807800306
0.0 1.283370182436941
0.0 1.280843884222247
0.0 1.278294786135948
0.0 1.275722888178044
0.0 1.2731281903485359
0.0 1.2705106926474226
0.0 1.2678703950747046
0.0 1.265207297630382
0.0 1.262521400314455
0.0 1.259828610014089
0.0 1.257135819713723
0.0 1.254443029413357
0.0 1.251750239112991
0.0 1.2490574488126251
0.0 1.2463646585122594
0.0 1.243663964274571
0.0 1.2409309015316585
0.0 1.2381654702835212
0.0 1.2353676705301593
0.0 1.2325375022715732
0.0 1.2296749655077626
0.0 1.2267800602387275
0.0 1.223852786464468
0.0 1.2208931441849837
0.0 1.2179011334002747
0.0 1.2148846580476638
0.0 1.211868182695053
0.0 1.208851707342442
0.0 1.2058352319898311
0.0 1.2028187566372204
0.0 1.1998022812846094
0.0 1.1967858059319985
0.0 1.193761380858412
0.0 1.1907269017259448
0.0 1.1876823685345963
0.0 1.1846277812843673
0.0 1.1815631399752573
0.0 1.1784884446072665
0.0 1.1754036951803948
0.0 1.1723088916946423
0.0 1.1692040341500087
0.0 1.166089122546494
0.0 1.1629721066050744
0.0 1.1598550906636547
0.0 1.156738074722235
0.0 1.1536210587808153
0.0 1.1505040428393958
0.0 1.147387026897976
0.0 1.1442787486905388
0.0 1.141196382383877
0.0 1.1381399279779911
0.0 1.135109385472881
0.0 1.1321047548685463
0.0 1.1291260361649875
0.0 1.1261732293622042
0.0 1.1232463344601966
0.0 1.1203453514589645
0.0 1.1174702803585084
0.0 1.1146123834248451
0.0 1.1117544864911817
0.0 1.1088965895575187
0.0 1.1060386926238557
0.0 1.1031807956901925
0.0 1.1003228987565294
0.0 1.0974650018228662
0.0 1.0946405668279116
0.0 1.0918539966583372
0.0 1.089105291314144
0.0 1.0863944507953311
0.0 1.0837214751018986
0.0 1.081086364233847
0.0 1.0784891181911758
0.0 1.0759297369738854
0.0 1.0734082205819755
0.0 1.070924569015446
0.0 1.068445320335589
0.0 1.065966071655732
0.0 1.0634868229758747
0.0 1.0610075742960179
0.0 1.0585283256161608
0.0 1.0560490769363038
0.0 1.053575765857261
0.0 1.051116255688219
0.0 1.048670546429178
0.0 1.0462386380801374
0.0 1.0438205306410977
0.0 1.0414162241120588
0.0 1.0390257184930207
0.0 1.0366490137839834
0.0 1.034286109984947
0.0 1.0319370070959113
0.0 1.029595767516062
0.0 1.0272545279362129
0.0 1.0249132883563636
0.0 1.0225720487765144
0.0 1.0202308091966652
0.0 1.0178895696168158
0.0 1.0155483300369665
0.0 1.0131940818190954
0.0 1.010826515233725
0.0 1.008445630280856
0.0 1.006051426960488
0.0 1.0036439052726212
0.0 1.0012230652172556
0.0 0.9987889067943909
0.0 0.9963414300040276
0.0 0.9938806348461653
0.0 0.9914065213208042
0.0 0.9889320980659665
0.0 0.9864576748111287
0.0 0.9839832515562907
0.0 0.9815088283014529
0.0 0.979034405046615
0.0 0.9765599817917772
0.0 0.9740854095206392
0.0 0.9716105524627935
0.0 0.9691354106182406
0.0 0.9666599839869804
0.0 0.9641842725690128
0.0 0.9617082763643379
0.0 0.9592319953729556
0.0 0.9567554295948661
0.0 0.9542785790300692
0.0 0.9518014436785648
0.0 0.9493241725566536
0.0 0.9468469014347423
0.0 0.944369630312831
0.0 0.9418923591909197
0.0 0.9394150880690085
0.0 0.9369378169470972
0.0 0.934461534183421
0.0 0.9319994178877813
0.0 0.929551468060178
0.0 0.9271176847006111
0.0 0.9246980678090806
0.0 0.9222926173855868
0.0 0.9199013334301291
0.0 0.9175242159427078
0.0 0.9151612649233234
0.0 0.9128124803719749
0.0 0.9104768739304281
0.0 0.9081412674888811
0.0 0.9058056610473343
0.0 0.9034700546057872
0.0 0.9011344481642403
0.0 0.8987988417226933
0.0 0.8964632352811464
0.0 0.8941233030748037
0.0 0.8917763517029438
0.0 0.8894223811655664
0.0 0.8870613914626717
0.0 0.8846933825942597
0.0 0.8823183545603303
0.0 0.8799363073608834
0.0 0.8775472409959192
0.0 0.8751511554654374
0.0 0.8727480507694384
0.0 0.8703422526727176
0.0 0.8679364545759966
0.0 0.8655306564792757
0.0 0.863124858382555
0.0 0.8607190602858342
0.0 0.8583132621891134
0.0 0.8559076129448878
0.0 0.8535028780802754
0.0 0.851099057595276
0.0 0.8486961514898899
0.0 0.8462941597641169
0.0 0.8438930824179574
0.0 0.8414929194514107
0.0 0.8390936708644774
0.0 0.8366953366571573
0.0 0.8342979168294502
0.0 0.8319012625288613
0.0 0.8295046082282724
0.0 0.8271079539276837
0.0 0.8247112996270948
0.0 0.8223146453265059
0.0 0.8199179910259169
0.0 0.817521336725328
0.0 0.8151331677708227
0.0 0.812756961763255
0.0 0.8103927187026249
0.0 0.8080404385889323
0.0 0.8057001214221773
0.0 0.8033717672023598
0.0 0.80105537592948
0.0 0.7987509476035377
0.0 0.7964584822245331
0.0 0.7941779797924658
0.0 0.7919009549612527
0.0 0.7896239301300395
0.0 0.7873469052988263
0.0 0.7850698804676132
0.0 0.7827928556364
0.0 0.7805158308051868
0.0 0.7782386730433866
0.0 0.7759609956438369
0.0 0.7736827986065381
0.0 0.7714040819314896
0.0 0.769124845618692
0.0 0.766845089668145
0.0 0.7645648140798487
0.0 0.7622840188538029
0.0 0.7600027039900079
0.0 0.7577208694884635
0.0 0.7554386482797568
0.0 0.7531564270710501
0.0 0.7508742058623434
0.0 0.7485919846536366
0.0 0.7463097634449299
0.0 0.7440275422362232
0.0 0.7417453210275166
0.0 0.7394634683857966
0.0 0.737182075117422
0.0 0.7349011412223929
0.0 0.7326206667007094
0.0 0.7303406515523717
0.0 0.7280610957773794
0.0 0.7257819993757327
0.0 0.7235033623474317
0.0 0.7212251846924762
0.0 0.7189474664108664
0.0 0.7166698389356153
0.0 0.7143922114603644
0.0 0.7121145839851134
0.0 0.7098369565098626
0.0 0.7075593290346117
0.0 0.7052817015593608
0.0 0.703001289090143
0.0 0.7007128929715529
0.0 0.6984165132035908
0.0 0.6961121497862564
0.0 0.69379980271955
0.0 0.6914794720034715
0.0 0.6891511576380208
0.0 0.6868148596231981
0.0 0.6844705779590032
0.0 0.6821183126454361
0.0 0.6797608486764639
0.0 0.6774033847074918
0.0 0.6750459207385198
0.0 0.6726884567695477
0.0 0.6703309928005757
0.0 0.6679735288316035
0.0 0.6656160648626314
0.0 0.663219990261359
0.0 0.6607807920967389
0.0 0.6582984703687706
0.0 0.6557730250774542
0.0 0.6532044562227896
0.0 0.6505927638047769
0.0 0.6479379478234163
0.0 0.6452400082787074
0.0 0.6424989451706503
0.0 0.6397147584992454
0.0 0.6369260588967923
0.0 0.6341373592943392
0.0 0.6313486596918861
0.0 0.6285599600894329
0.0 0.6257712604869801
0.0 0.6229825608845269
0.0 0.6201872723656192
0.0 0.6173770720884193
0.0 0.6145519600529273
0.0 0.6117119362591433
0.0 0.6088570007070672
0.0 0.605987153396699
0.0 0.6031023943280386
0.0 0.600202723501086
0.0 0.5972881409158415
0.0 0.5943586465723046
0.0 0.5914208293869305
0.0 0.5884830122015564
0.0 0.5855451950161823
0.0 0.5826073778308083
0.0 0.5796695606454341
0.0 0.5767317434600598
0.0 0.5737939262746857
0.0 0.570893905356842
0.0 0.5680321253684996
0.0 0.5652085863096586
0.0 0.5624232881803191
0.0 0.5596762309804807
0.0 0.556967414710144
0.0 0.5542968393693084
0.0 0.5516645049579744
0.0 0.5490704114761417
0.0 0.5465145589238103
0.0 0.5439591510334498
0.0 0.5414037431430894
0.0 0.5388483352527289
0.0 0.5362929273623686
0.0 0.5337375194720082
0.0 0.5311821115816477
0.0 0.5286271022016443
0.0 0.526072837862743
0.0 0.5235193185649438
0.0 0.5209665443082468
0.0 0.518414515092652
0.0 0.5158632309181593
0.0 0.5133126917847688
0.0 0.5107628976924805
0.0 0.5082138486412944
0.0 0.5056655446312102
0.0 0.5031175871518714
0.0 0.5005696296725325
0.0 0.4980216721931936
0.0 0.49547371471385476
0.0 0.4929257572345159
0.0 0.49037779975517704
0.0 0.487830527755147
0.0 0.48529167735805406
0.0 0.48276124856389824
0.0 0.4802392413726796
0.0 0.47772565578439796
0.0 0.4752204917990535
0.0 0.47272374941664613
0.0 0.4702354286371758
0.0 0.46775552946064264
0.0 0.4652840518870466
0.0 0.4628203104370788
0.0 0.46035656898711097
0.0 0.4578928275371432
0.0 0.45542908608717536
0.0 0.4529653446372076
0.0 0.45050160318723975
0.0 0.4480378617372719
0.0 0.44561329073834444
0.0 0.4432511023095922
0.0 0.4409512964510153
0.0 0.43871387316261357
0.0 0.43653883244438707
0.0 0.4344261742963358
0.0 0.43237589871845994
0.0 0.4303880057107592
0.0 0.4284624952732339
0.0 0.4265993674058838
0.0 0.4247594516576686
0.0 0.4229195359094534
0.0 0.42107962016123823
0.0 0.41923970441302305
0.0 0.41739978866480804
0.0 0.4155598729165929
0.0 0.41373271987590426
0.0 0.4119787396917009
0.0 0.4102979323639827
0.0 0.4086902978927499
0.0 0.4071558362780024
0.0 0.40569454751974016
0.0 0.40430643161796315
0.0 0.4029914885726714
0.0 0.4017497183838649
0.0 0.40058112105154375
0.0 0.39947293386818145
0.0 0.398364746684819
0.0 0.3972565595014566
0.0 0.3961483723180942
0.0 0.3950401851347318
0.0 0.39393199795136946
0.0 0.3928238107680071
0.0 0.3917328846258191
0.0 0.3906659012181634
0.0 0.3896228605450399
0.0 0.3886037626064487
0.0 0.3876086074023895
0.0 0.38663739493286275
0.0 0.38569012519786816
0.0 0.38476679819740583
0.0 0.3838674139314757
0.0 0.3829919724000779
0.0 0.3821232125620378
0.0 0.38125445272399766
0.0 0.38038569288595764
0.0 0.3795169330479176
0.0 0.3786481732098776
0.0 0.3777794133718375
0.0 0.37691822243308276
0.0 0.37608533259600335
0.0 0.3752807438605993
0.0 0.3745044562268707
0.0 0.37375646969481746
0.0 0.37303678426443965
0.0 0.3723453999357372
0.0 0.3716823167087101
0.0 0.3710475345833584
0.0 0.37044105355968204
0.0 0.36985530473839584
0.0 0.3692695559171096
0.0 0.3686838070958233
0.0 0.3680980582745371
0.0 0.36751230945325086
0.0 0.36692656063196466
0.0 0.3663408118106784
0.0 0.3657843851982575
0.0 0.3652639830138712
0.0 0.36477960525751946
0.0 0.36433125192920224
0.0 0.36391892302891954
0.0 0.3635426185566714
0.0 0.36320233851245776
0.0 0.3628980828962788
0.0 0.3626298517081342
0.0 0.3623976449480244
0.0 0.3621721404070836
0.0 0.36194663586614295
0.0 0.3617211313252022
0.0 0.36149562678426156
0.0 0.36127012224332083
0.0 0.3610446177023801
0.0 0.3608667077076916
0.0 0.3608208341961544
0.0 0.36090699716776853
0.0 0.361125196622534
0.0 0.3614754325604508
0.0 0.36195770498151886
0.0 0.36257201388573834
0.0 0.36331835927310907
0.0 0.3641967411436311
0.0 0.3652071594973044
0.0 0.36630201978787685
0.0 0.36739688007844923
0.0 0.3684917403690216
0.0 0.3695866006595941
0.0 0.3706814609501665
0.0 0.37177632124073895
0.0 0.37287118153131144
0.0 0.37386674053971564
0.0 0.3747528135190626
0.0 0.37552940046935235
0.0 0.37619650139058486
0.0 0.3767541162827601
0.0 0.37720224514587813
0.0 0.37754088797993895
0.0 0.37777004478494247
0.0 0.3778897155608888
0.0 0.3778999003077778
0.0 0.3778999003077778
0.0 0.3778999003077778
0.0 0.3778999003077778
0.0 0.3778999003077778
0.0 0.3778999003077778
0.0 0.3778999003077778
0.0 0.3778999003077778
0.0 0.3778999003077778
0.0 0.3778999003077778
0.0 0.3778999003077778
0.0 0.3778999003077778
0.0 0.3778999003077778
0.0 0.3778999003077778
0.0 0.3778999003077778
0.0 0.3778999003077778
0.0 0.3778999003077778
0.0 0.3778999003077778
0.0 0.3778999003077778
0.0 0.3778999003077778
0.0 0.3778999003077778
0.0 0.3778999003077778
0.0 0.3778999003077778
0.0 0.3778999003077778
0.0 0.3778999003077778
0.0 0.3778999003077778
0.0 0.3778999003077778
0.0 0.3788983442741634
