0.0 0.46478050569604834
0.0 0.46496681000240586
0.0 0.46519037517003486
0.0 0.46545120119893535
0.0 0.4657492880891073
0.0 0.4660846358405507
0.0 0.4664572444532657
0.0 0.4668298530659807
0.0 0.4672024616786957
0.0 0.4675750702914106
0.0 0.46794767890412564
0.0 0.4683202875168406
0.0 0.4686928961295556
0.0 0.4691014673036464
0.0 0.46957297296014494
0.0 0.47010741309905124
0.0 0.47070478772036517
0.0 0.47136509682408695
0.0 0.4720883404102164
0.0 0.47287451847875367
0.0 0.4737236310296986
0.0 0.47463567806305124
0.0 0.4756106595788116
0.0 0.47661261301560387
0.0 0.4776145664523961
0.0 0.4786165198891884
0.0 0.47961847332598073
0.0 0.48062042676277306
0.0 0.48162238019956527
0.0 0.48263361844494695
0.0 0.4837098503504542
0.0 0.484851075916087
0.0 0.4860572951418455
0.0 0.4873285080277295
0.0 0.48866471457373917
0.0 0.4900659147798744
0.0 0.4915321086461352
0.0 0.4930632961725218
0.0 0.4946594773590339
0.0 0.4963113673970822
0.0 0.4979632574351305
0.0 0.49961514747317876
0.0 0.501267037511227
0.0 0.5029189275492754
0.0 0.5045708175873237
0.0 0.5062227076253719
0.0 0.5078985941479082
0.0 0.5096080757487276
0.0 0.5113511524278299
0.0 0.5131278241852154
0.0 0.5149380910208842
0.0 0.5167819529348358
0.0 0.5186594099270705
0.0 0.5205704619975884
0.0 0.5225151091463893
0.0 0.5244933513734734
0.0 0.5264811921943526
0.0 0.528469033015232
0.0 0.5304568738361111
0.0 0.5324447146569904
0.0 0.5344325554778695
0.0 0.5364203962987488
0.0 0.5384172003682502
0.0 0.5404453758079295
0.0 0.5425049226177865
0.0 0.5445958407978212
0.0 0.5467181303480338
0.0 0.5488717912684242
0.0 0.5510568235589923
0.0 0.5532732272197382
0.0 0.5555210022506618
0.0 0.5578001486517633
0.0 0.5601017031744204
0.0 0.5624032576970773
0.0 0.5647048122197343
0.0 0.5670063667423914
0.0 0.5693079212650484
0.0 0.5716094757877055
0.0 0.5739110303103624
0.0 0.5762513371921673
0.0 0.5786368551596445
0.0 0.5810675842127943
0.0 0.5835435243516166
0.0 0.5860646755761112
0.0 0.5886310378862782
0.0 0.591242611282118
0.0 0.59389939576363
0.0 0.5966013913308146
0.0 0.5993485979836716
0.0 0.6021022633630532
0.0 0.6048559287424349
0.0 0.6076095941218165
0.0 0.6103632595011982
0.0 0.6131169248805798
0.0 0.6158705902599615
0.0 0.6185851891805343
0.0 0.6212086330305536
0.0 0.6237409218100193
0.0 0.6261820555189315
0.0 0.62853203415729
0.0 0.6307908577250948
0.0 0.6329585262223459
0.0 0.6350350396490435
0.0 0.6370203980051875
0.0 0.6389146012907778
0.0 0.6407567159646232
0.0 0.6425988306384687
0.0 0.644440945312314
0.0 0.6462830599861595
0.0 0.648125174660005
0.0 0.6499672893338503
0.0 0.6518094040076956
0.0 0.6536668289333643
0.0 0.6555395641108561
0.0 0.6574276095401711
0.0 0.6593309652213093
0.0 0.6612496311542706
0.0 0.6631836073390551
0.0 0.6651328937756629
0.0 0.6670974904640937
0.0 0.6690773974043479
0.0 0.6710726145964252
0.0 0.6730678317885025
0.0 0.6750630489805798
0.0 0.6770582661726571
0.0 0.6790534833647344
0.0 0.6810487005568117
0.0 0.683043917748889
0.0 0.6850720675564599
0.0 0.6871578494411449
0.0 0.6893012634029438
0.0 0.691502309441857
0.0 0.693760987557884
0.0 0.6960772977510251
0.0 0.6984512400212801
0.0 0.7008828143686493
0.0 0.7033720207931323
0.0 0.7059188592947294
0.0 0.7084903972579468
0.0 0.7110619352211642
0.0 0.7136334731843816
0.0 0.7162050111475989
0.0 0.7187765491108163
0.0 0.7213480870740338
0.0 0.7239041823170193
0.0 0.7263521785183815
0.0 0.7286920756781207
0.0 0.7309238737962367
0.0 0.7330475728727295
0.0 0.7350631729075991
0.0 0.7369706739008454
0.0 0.7387700758524686
0.0 0.7404613787624688
0.0 0.7420445826308455
0.0 0.743535130177831
0.0 0.7450256777248164
0.0 0.746516225271802
0.0 0.7480067728187876
0.0 0.7494973203657731
0.0 0.7509878679127586
0.0 0.752478415459744
0.0 0.7540050603185509
0.0 0.7555822414139075
0.0 0.7572099587458138
0.0 0.7588882123142696
0.0 0.7606170021192755
0.0 0.762396328160831
0.0 0.7642261904389362
0.0 0.7661065889535913
0.0 0.7680375237047962
0.0 0.7700189946925509
0.0 0.772014904605034
0.0 0.7740108145175171
0.0 0.7760067244300001
0.0 0.7780026343424832
0.0 0.7799985442549664
0.0 0.7819944541674495
0.0 0.7840426872059904
0.0 0.7862740511857345
0.0 0.7886885461066813
0.0 0.7912861719688311
0.0 0.7940669287721838
0.0 0.7970308165167393
0.0 0.8001778352024977
0.0 0.8035079848294591
0.0 0.8070212653976234
0.0 0.8107176769069905
0.0 0.8145448962315026
0.0 0.8183721155560145
0.0 0.8221993348805267
0.0 0.8260265542050387
0.0 0.8298537735295509
0.0 0.8336809928540632
0.0 0.8375082121785751
0.0 0.8413481742465364
0.0 0.8452030028485219
0.0 0.8490726979845314
0.0 0.8529572596545654
0.0 0.8568566878586232
0.0 0.8607709825967054
0.0 0.8647001438688117
0.0 0.8686441716749421
0.0 0.8726030660150967
0.0 0.8765768268892755
0.0 0.8805527115540291
0.0 0.8845285962187828
0.0 0.8885044808835363
0.0 0.8924803655482899
0.0 0.8964562502130435
0.0 0.9004321348777972
0.0 0.9044057626356958
0.0 0.9083741242775992
0.0 0.9123372198035073
0.0 0.9162950492134203
0.0 0.9202476125073382
0.0 0.9241949096852611
0.0 0.9281369407471886
0.0 0.9320737056931209
0.0 0.9360052045230581
0.0 0.9399314372370001
0.0 0.9438546607418019
0.0 0.947777884246604
0.0 0.9517011077514059
0.0 0.9556243312562079
0.0 0.9595475547610098
0.0 0.9634707782658117
0.0 0.9673940017706136
0.0 0.9714848561298002
0.0 0.9757433413433712
0.0 0.9801694574113268
0.0 0.9847632043336669
0.0 0.9895245821103915
0.0 0.9944535907415006
0.0 0.9995502302269945
0.0 1.0048145005668725
0.0 1.0102464017611354
0.0 1.015845933809783
0.0 1.0214454658584304
0.0 1.0270449979070775
0.0 1.0326445299557248
0.0 1.0382440620043722
0.0 1.0438435940530195
0.0 1.0494431261016668
0.0 1.0549934440043935
0.0 1.0604576371517587
0.0 1.0658357055437626
0.0 1.071127649180405
0.0 1.0763334680616863
0.0 1.081453162187606
0.0 1.0864867315581646
0.0 1.0914341761733615
0.0 1.0962954960331972
0.0 1.1010706911376715
0.0 1.1058089756327054
0.0 1.110547260127739
0.0 1.1152855446227727
0.0 1.1200238291178066
0.0 1.1247621136128405
0.0 1.1295003981078744
0.0 1.1342226256672763
0.0 1.1388324546772552
0.0 1.1433298851378106
0.0 1.1477149170489431
0.0 1.1519875504106523
0.0 1.1561477852229383
0.0 1.160195621485801
0.0 1.1641310591992409
0.0 1.1679540983632573
0.0 1.1716647389778503
0.0 1.1752790379786522
0.0 1.1788933369794543
0.0 1.182507635980256
0.0 1.1861219349810581
0.0 1.18973623398186
0.0 1.1933505329826621
0.0 1.1969648319834638
0.0 1.2005421123744493
0.0 1.204067566711692
0.0 1.2075411949951913
0.0 1.2109629972249478
0.0 1.2143329734009618
0.0 1.217651123523232
0.0 1.2209174475917595
0.0 1.2241319456065443
0.0 1.2272946175675856
0.0 1.2304054634748842
0.0 1.2335015019382563
0.0 1.2365975404016283
0.0 1.2396935788650003
0.0 1.2427896173283723
0.0 1.2458856557917444
0.0 1.2489816942551162
0.0 1.2520661489226448
0.0 1.2551100603047212
0.0 1.2581134284013453
0.0 1.2610762532125173
0.0 1.263998534738237
0.0 1.2668802729785045
0.0 1.2697214679333202
0.0 1.2725221196026835
0.0 1.2752822279865945
0.0 1.2780017930850536
0.0 1.2806923986939038
0.0 1.2833830043027539
0.0 1.2860736099116041
0.0 1.2887642155204542
0.0 1.2914548211293044
0.0 1.294145426738155
0.0 1.296836032347005
0.0 1.2995110007531248
0.0 1.3021677257560593
0.0 1.304806207355808
0.0 1.3074264455523712
0.0 1.3100284403457492
0.0 1.3126121917359412
0.0 1.315177699722948
0.0 1.3177249643067694
0.0 1.3202539854874051
0.0 1.3227647632648554
0.0 1.3252729348418506
0.0 1.3277811064188456
0.0 1.3302892779958406
0.0 1.332797449572836
0.0 1.335305621149831
0.0 1.337813792726826
0.0 1.3403210196716824
0.0 1.3428260424748804
0.0 1.3453288611364205
0.0 1.3478294756563025
0.0 1.3503278860345267
0.0 1.3528240922710928
0.0 1.3553180943660013
0.0 1.3578098923192514
0.0 1.3602994861308435
0.0 1.362786875800778
0.0 1.3652730059611935
0.0 1.367759136121609
0.0 1.3702452662820246
0.0 1.37273139644244
0.0 1.3752175266028552
0.0 1.3777036567632706
0.0 1.380189786923686
0.0 1.3826646377041285
0.0 1.385128209104598
0.0 1.3875805011250946
0.0 1.3900215137656184
0.0 1.3924512470261692
0.0 1.394869700906747
0.0 1.397276875407352
0.0 1.399672770527984
0.0 1.4020573862686427
0.0 1.4044307226293287
0.0 1.4068040589900146
0.0 1.4091773953507005
0.0 1.4115507317113865
0.0 1.4139240680720726
0.0 1.4162974044327588
0.0 1.4186707407934447
0.0 1.4210329834133848
0.0 1.4233758119870197
0.0 1.425699226514349
0.0 1.428003226995373
0.0 1.4302878134300918
0.0 1.4325529858185055
0.0 1.4347987441606138
0.0 1.4370250884564164
0.0 1.439232018705914
0.0 1.4414195349091063
0.0 1.443598730806739
0.0 1.445777926704372
0.0 1.4479571226020047
0.0 1.4501363184996376
0.0 1.4523155143972706
0.0 1.4544947102949033
0.0 1.4566774283200696
0.0 1.4588848012379692
0.0 1.4611168290486019
0.0 1.4633735117519682
0.0 1.4656548493480674
0.0 1.4679608418369003
0.0 1.4702914892184666
0.0 1.4726467914927663
0.0 1.4750267486597992
0.0 1.4774313607195653
0.0 1.4798571055445315
0.0 1.4822828503694978
0.0 1.4847085951944639
0.0 1.4871343400194301
0.0 1.4895600848443962
0.0 1.4919858296693624
0.0 1.4944115744943287
0.0 1.496803009668633
0.0 1.499146411332011
0.0 1.5014417794844621
0.0 1.5036891141259867
0.0 1.505888415256585
0.0 1.5080396828762566
0.0 1.5101429169850014
0.0 1.5121981175828194
0.0 1.5142052846697112
0.0 1.5161644182456762
0.0 1.518109827961377
0.0 1.5200552376770775
0.0 1.522000647392778
0.0 1.5239460571084784
0.0 1.5258914668241785
0.0 1.527836876539879
0.0 1.529773166825481
0.0 1.5316775391057382
0.0 1.5335499933806502
0.0 1.5353905296502175
0.0 1.5371991479144396
0.0 1.538975848173317
0.0 1.5407206304268493
0.0 1.5424334946750367
0.0 1.5441144409178793
0.0 1.5457634691553768
0.0 1.5473896988176281
0.0 1.5490159284798792
0.0 1.5506421581421306
0.0 1.5522683878043817
0.0 1.5538946174666328
0.0 1.5555208471288842
0.0 1.5571470767911353
0.0 1.5587770037378559
0.0 1.5604112441831246
0.0 1.562049798126941
0.0 1.5636926655693053
0.0 1.5653398465102173
0.0 1.5669913409496772
0.0 1.568647148887685
0.0 1.5703072703242404
0.0 1.5719717052593438
0.0 1.573640453692995
0.0 1.5753098183407246
0.0 1.576979182988454
0.0 1.5786485476361836
0.0 1.580317912283913
0.0 1.5819872769316425
0.0 1.583656641579372
0.0 1.585330160544487
0.0 1.5870133729168348
0.0 1.5887062786964155
0.0 1.590408877883229
0.0 1.5921211704772755
0.0 1.5938431564785547
0.0 1.5955748358870667
0.0 1.5973162087028117
0.0 1.5990672749257895
0.0 1.6008280345560002
0.0 1.6025943332760582
0.0 1.6043606319961163
0.0 1.606126930716174
0.0 1.6078932294362318
0.0 1.60965952815629
0.0 1.611425826876348
0.0 1.613192125596406
0.0 1.6149190448720117
0.0 1.6166065847031652
0.0 1.6182547450898668
0.0 1.619863526032116
0.0 1.621432927529913
0.0 1.622962949583258
0.0 1.6244535921921508
0.0 1.6259048553565913
0.0 1.62731673907658
0.0 1.628689243352116
0.0 1.6300617476276524
0.0 1.6314342519031886
0.0 1.632806756178725
0.0 1.6341792604542609
0.0 1.6355517647297972
0.0 1.6369242690053334
0.0 1.6382977253628481
0.0 1.639672847863826
0.0 1.6410496365082665
0.0 1.64242809129617
0.0 1.6438082122275364
0.0 1.6451899993023653
0.0 1.6465734525206572
0.0 1.6479585718824117
0.0 1.649345357387629
0.0 1.650733809036309
0.0 1.6521229747464732
0.0 1.6535121404566375
0.0 1.654901306166802
0.0 1.6562904718769662
0.0 1.6576796375871306
0.0 1.6590688032972947
0.0 1.6604579577017904
0.0 1.6618470329666057
0.0 1.663236029091741
0.0 1.664624946077196
0.0 1.666013783922971
0.0 1.6674025426290655
0.0 1.6687912221954802
0.0 1.6701798226222144
0.0 1.6715683439092686
0.0 1.6729567860566426
0.0 1.6743451603700048
0.0 1.6757335346833673
0.0 1.6771219089967295
0.0 1.678510283310092
0.0 1.6798986576234545
0.0 1.6812870319368167
0.0 1.682675406250179
0.0 1.6840439041056672
0.0 1.685384574920131
0.0 1.6866974186935704
0.0 1.6879824354259854
0.0 1.689239625117377
0.0 1.6904689877677441
0.0 1.6916705233770872
0.0 1.692844231945406
0.0 1.6939901134727005
0.0 1.6951081679589715
0.0 1.6962182718620922
0.0 1.697328375765213
0.0 1.6984384796683336
0.0 1.6995485835714548
0.0 1.7006586874745753
0.0 1.7017687913776962
0.0 1.7028661932460263
0.0 1.7039191379925906
0.0 1.7049276256173886
0.0 1.7058916561204205
0.0 1.7068112295016864
0.0 1.7076863457611857
0.0 1.7085170048989191
0.0 1.7093032069148861
0.0 1.710044951809087
0.0 1.7107422395815217
0.0 1.711407772266981
0.0 1.71207330495244
0.0 1.712738837637899
0.0 1.7134043703233577
0.0 1.7140699030088165
0.0 1.7147354356942754
0.0 1.7154009683797344
0.0 1.7160310402479064
0.0 1.7166197411625768
0.0 1.7171670711237461
0.0 1.7176730301314136
0.0 1.7181376181855796
0.0 1.7185608352862445
0.0 1.718942681433408
0.0 1.7192831566270697
0.0 1.7195822608672302
0.0 1.719839994153889
0.0 1.7200918173043336
0.0 1.720343640454778
0.0 1.7205954636052225
0.0 1.720847286755667
0.0 1.7210991099061115
0.0 1.7213509330565557
0.0 1.7215872895895479
0.0 1.7217875573484853
0.0 1.7219517363333674
0.0 1.7220798265441946
0.0 1.7221718279809664
0.0 1.7222277406436834
0.0 1.7222475645323452
0.0 1.722231299646952
0.0 1.7221789459875039
0.0 1.7220905035540004
0.0 1.721981438963894
0.0 1.7218723743737876
0.0 1.7217633097836815
0.0 1.721654245193575
0.0 1.721545180603469
0.0 1.7214361160133627
0.0 1.7213270514232564
0.0 1.7211713626214227
0.0 1.7209690496078613
0.0 1.7207201123825724
0.0 1.7204245509455558
0.0 1.720082365296812
0.0 1.7196935554363404
0.0 1.7192581213641416
0.0 1.7187760630802147
0.0 1.7182473805845606
0.0 1.717672073877179
0.0 1.7170967671697972
0.0 1.7165214604624157
0.0 1.715946153755034
0.0 1.7153708470476525
0.0 1.7147955403402706
0.0 1.7142202336328893
0.0 1.713625311722914
0.0 1.7129960632084011
0.0 1.7123324880893502
0.0 1.7116345863657605
0.0 1.7109023580376332
0.0 1.7101358031049674
0.0 1.7093349215677636
0.0 1.7084997134260214
0.0 1.7076301786797412
0.0 1.7067263173289229
0.0 1.7058077445761595
0.0 1.7048891718233965
0.0 1.703970599070633
0.0 1.7030520263178694
0.0 1.7021334535651063
0.0 1.701214880812343
0.0 1.7002954598824767
0.0 1.699370101712886
0.0 1.698438806303572
0.0 1.6975015736545345
0.0 1.696558403765773
0.0 1.6956092966372878
0.0 1.6946542522690793
0.0 1.6936932706611472
0.0 1.692726351813491
0.0 1.6917534957261116
0.0 1.6907755505761113
0.0 1.6897976054261112
0.0 1.6888196602761112
0.0 1.6878417151261114
0.0 1.686863769976111
0.0 1.6858858248261113
0.0 1.6849078796761112
0.0 1.6839262995187636
0.0 1.6829396303511288
0.0 1.681947872173207
0.0 1.6809510249849984
0.0 1.6799490887865025
0.0 1.67894206357772
0.0 1.6779299493586506
0.0 1.6769127461292936
0.0 1.6758904538896506
0.0 1.67486307263972
0.0 1.6738342373868507
0.0 1.672805402133981
0.0 1.6717765668811113
0.0 1.670747731628242
0.0 1.6697188963753722
0.0 1.6686900611225026
0.0 1.6676508397113528
0.0 1.6665752667462224
0.0 1.6654633422271115
0.0 1.6643150661540196
0.0 1.663130438526947
0.0 1.661909459345894
0.0 1.6606521286108602
0.0 1.6593584463218458
0.0 1.6580284124788502
0.0 1.6566620270818748
0.0 1.6552696762891985
0.0 1.653877325496522
0.0 1.652484974703846
0.0 1.6510926239111692
0.0 1.649700273118493
0.0 1.6483079223258166
0.0 1.6469155715331403
0.0 1.6455186758371134
0.0 1.644116477753844
0.0 1.6427089772833319
0.0 1.6412961744255767
0.0 1.6398780691805799
0.0 1.6384546615483402
0.0 1.6370259515288583
0.0 1.6355919391221336
0.0 1.634152624328166
0.0 1.6327080071469564
0.0 1.631262632481855
0.0 1.6298172578167538
0.0 1.6283718831516525
0.0 1.6269265084865507
0.0 1.6254811338214492
0.0 1.6240357591563477
0.0 1.6225892021297075
0.0 1.6211398862594755
0.0 1.6196878115456523
0.0 1.6182329779882376
0.0 1.6167753855872318
0.0 1.6153150343426348
0.0 1.6138519242544462
0.0 1.6123860553226665
0.0 1.6109174275472955
0.0 1.6094460409283333
0.0 1.6079730778273191
0.0 1.606500114726305
0.0 1.6050271516252903
0.0 1.6035541885242757
0.0 1.602081225423261
0.0 1.6006082623222466
0.0 1.599135299221232
0.0 1.5976261196731556
0.0 1.5960807236780175
0.0 1.5944991112358176
0.0 1.5928812823465557
0.0 1.5912272370102318
0.0 1.5895369752268467
0.0 1.5878104969963993
0.0 1.5860478023188902
0.0 1.584248891194319
0.0 1.5824137636226858
0.0 1.5805786360510534
0.0 1.5787435084794204
0.0 1.5769083809077875
0.0 1.5750732533361547
0.0 1.5732381257645218
0.0 1.571402998192889
0.0 1.569546525713712
0.0 1.5676526996463331
0.0 1.5657215199907528
0.0 1.5637529867469702
0.0 1.5617470999149858
0.0 1.5597038594947992
0.0 1.5576232654864108
0.0 1.5555053178898202
0.0 1.553350016705028
0.0 1.5511573619320336
0.0 1.5489486984783816
0.0 1.5467400350247296
0.0 1.5445313715710776
0.0 1.5423227081174251
0.0 1.5401140446637729
0.0 1.5379053812101207
0.0 1.5356969107874376
0.0 1.533489791581538
0.0 1.5312840235924225
0.0 1.5290796068200903
0.0 1.5268765412645413
0.0 1.524674826925776
0.0 1.5224744638037944
0.0 1.5202754518985964
0.0 1.518077791210182
0.0 1.5158814817385509
0.0 1.5136863304527346
0.0 1.5114911791669179
0.0 1.5092960278811016
0.0 1.5071008765952851
0.0 1.5049057253094689
0.0 1.5027105740236524
0.0 1.500515422737836
0.0 1.4983264019531306
0.0 1.496145963869981
0.0 1.4939741084883869
0.0 1.4918108358083482
0.0 1.489656145829865
0.0 1.4875100385529376
0.0 1.4853725139775655
0.0 1.4832435721037491
0.0 1.4811232129314884
0.0 1.4790114364607831
0.0 1.4769021121905221
0.0 1.4747927879202614
0.0 1.4726834636500001
0.0 1.4705741393797394
0.0 1.4684648151094783
0.0 1.4663554908392171
0.0 1.4642471752837931
0.0 1.4621423902302977
0.0 1.4600411356787304
0.0 1.457943411629092
0.0 1.4558492180813816
0.0 1.4537585550356
0.0 1.4516714224917469
0.0 1.4495878204498223
0.0 1.4475077489098263
0.0 1.4454312078717584
0.0 1.4433571886207825
0.0 1.4412831693698067
0.0 1.4392091501188309
0.0 1.4371351308678553
0.0 1.4350611116168792
0.0 1.4329870923659034
0.0 1.4309130731149275
0.0 1.4288430257072908
0.0 1.4267776121168831
0.0 1.4247168323437045
0.0 1.4226606863877547
0.0 1.4206091742490339
0.0 1.4185622959275421
0.0 1.4165200514232792
0.0 1.4144824407362455
0.0 1.4124494638664407
0.0 1.4104211208138646
0.0 1.4083934397351787
0.0 1.4063657586564928
0.0 1.4043380775778067
0.0 1.402310396499121
0.0 1.400282715420435
0.0 1.3982550343417488
0.0 1.3962227208711209
0.0 1.3941795984859615
0.0 1.3921256671862705
0.0 1.3900609269720483
0.0 1.3879853778432947
0.0 1.3858990198000096
0.0 1.3838018528421931
0.0 1.3816938769698455
0.0 1.3795750921829664
0.0 1.3774454984815556
0.0 1.3753097282575557
0.0 1.3731739580335554
0.0 1.3710381878095554
0.0 1.3689024175855558
0.0 1.3667666473615554
0.0 1.3646308771375555
0.0 1.3624951069135554
0.0 1.3603597187486762
0.0 1.3582247126429179
0.0 1.35609008859628
0.0 1.3539558466087633
0.0 1.3518219866803673
0.0 1.3496885088110917
0.0 1.3475554130009373
0.0 1.3454226992499034
0.0 1.3432903675579906
0.0 1.341158417925198
0.0 1.3390264682924056
0.0 1.3368945186596135
0.0 1.3347625690268212
0.0 1.3326306193940292
0.0 1.3304986697612367
0.0 1.3283667201284441
0.0 1.3262400310708367
0.0 1.324122548019802
0.0 1.3220142709753402
0.0 1.3199151999374512
0.0 1.3178253349061353
0.0 1.3157446758813924
0.0 1.3136732228632222
0.0 1.311610975851625
0.0 1.3095579348466009
0.0 1.3075140998481496
0.0 1.3054742102810868
0.0 1.3034343207140242
0.0 1.3013944311469614
0.0 1.2993545415798986
0.0 1.2973146520128358
0.0 1.295274762445773
0.0 1.2932357765415856
0.0 1.2912031162775257
0.0 1.2891767816535935
0.0 1.2871567726697888
0.0 1.2851430893261113
0.0 1.2831357316225613
0.0 1.281134699559139
0.0 1.2791399931358443
0.0 1.2771516123526774
0.0 1.2751695572096378
0.0 1.2731929240438504
0.0 1.271216290878063
0.0 1.2692396577122753
0.0 1.267263024546488
0.0 1.2652863913807004
0.0 1.263309758214913
0.0 1.2613331250491258
0.0 1.2594001009140097
0.0 1.257528129421834
0.0 1.255717210572598
0.0 1.2539673443663024
0.0 1.2522785308029467
0.0 1.2506507698825315
0.0 1.2490840616050563
0.0 1.2475784059705208
0.0 1.2461338029789257
0.0 1.2447502526302705
0.0 1.243384145893884
0.0 1.2420180391574975
0.0 1.2406519324211112
0.0 1.2392858256847248
0.0 1.2379197189483382
0.0 1.2365536122119516
0.0 1.2352012914338046
0.0 1.2338972215094968
0.0 1.2326414024390273
0.0 1.231433834222396
0.0 1.2302745168596039
0.0 1.22916345035065
0.0 1.2281006346955354
0.0 1.2270860698942592
0.0 1.2261197559468213
0.0 1.2252016928532223
0.0 1.2243180946552221
0.0 1.2234344964572221
0.0 1.2225508982592224
0.0 1.2216673000612222
0.0 1.2207837018632224
0.0 1.2199001036652222
0.0 1.2190165054672222
0.0 1.2181179728376281
0.0 1.217202016704507
0.0 1.21626863706786
0.0 1.215317833927686
0.0 1.2143496072839857
0.0 1.2133639571367585
0.0 1.212360883486005
0.0 1.2113403863317247
0.0 1.210302465673918
0.0 1.2092471215125848
0.0 1.2081892882793193
0.0 1.2071314550460535
0.0 1.2060736218127879
0.0 1.2050157885795219
0.0 1.2039579553462563
0.0 1.2029001221129905
0.0 1.2018226545020465
0.0 1.2006993733431868
0.0 1.1995302786364108
0.0 1.198315370381719
0.0 1.1970546485791116
0.0 1.1957481132285877
0.0 1.1943957643301482
0.0 1.1929976018837927
0.0 1.191553625889521
0.0 1.1900638363473335
0.0 1.1885478676349086
0.0 1.1870318989224833
0.0 1.1855159302100582
0.0 1.183999961497633
0.0 1.1824839927852078
0.0 1.1809680240727827
0.0 1.1794520553603578
0.0 1.1779400590975797
0.0 1.1764320352844493
0.0 1.174927983920966
0.0 1.1734279050071303
0.0 1.171931798542942
0.0 1.170439664528401
0.0 1.1689515029635074
0.0 1.1674673138482607
0.0 1.165987097182662
0.0 1.1645108529667103
0.0 1.1630346087507586
0.0 1.1615583645348069
0.0 1.160082120318855
0.0 1.1586058761029037
0.0 1.1571296318869517
0.0 1.155653387671
0.0 1.1541506295153035
0.0 1.152601471965053
0.0 1.1510059150202494
0.0 1.149363958680892
0.0 1.1476756029469808
0.0 1.145940847818516
0.0 1.1441596932954976
0.0 1.1423321393779255
0.0 1.1404581860657999
0.0 1.1385378333591207
0.0 1.1365975951976328
0.0 1.134657357036145
0.0 1.132717118874657
0.0 1.130776880713169
0.0 1.128836642551681
0.0 1.1268964043901932
0.0 1.1249425454127737
0.0 1.1228933407238346
0.0 1.1207487903233757
0.0 1.1185088942113972
0.0 1.1161736523878985
0.0 1.1137430648528799
0.0 1.1112171316063422
0.0 1.108595852648284
0.0 1.1058792279787062
0.0 1.1030672575976086
0.0 1.1001735623209226
0.0 1.0972798670442365
0.0 1.0943861717675505
0.0 1.0914924764908647
0.0 1.0885987812141786
0.0 1.0857050859374926
0.0 1.0828113906608068
0.0 1.0799065040145557
0.0 1.076985949450913
0.0 1.0740497269698792
0.0 1.071097836571454
0.0 1.0681302782556377
0.0 1.0651470520224298
0.0 1.062148157871831
0.0 1.0591335958038408
0.0 1.056103365818459
0.0 1.053057467915686
0.0 1.050007093465087
0.0 1.0469567190144877
0.0 1.043906344563889
0.0 1.04085597011329
0.0 1.037805595662691
0.0 1.034755221212092
0.0 1.0317065832488437
0.0 1.0286640229913229
0.0 1.0256275404395299
0.0 1.022597135593464
0.0 1.019572808453126
0.0 1.0165545590185154
0.0 1.013542387289632
0.0 1.0105362932664765
0.0 1.0075362769490483
0.0 1.0045423383373477
0.0 1.0015527409440241
0.0 0.9985631435507005
0.0 0.9955735461573768
0.0 0.9925839487640531
0.0 0.9895943513707294
0.0 0.9866047539774059
0.0 0.9836151565840822
0.0 0.9805552869546021
0.0 0.9774134330496059
0.0 0.9741895948690937
0.0 0.9708837724130658
0.0 0.9674959656815216
0.0 0.9640261746744616
0.0 0.9604743993918858
0.0 0.9568406398337939
0.0 0.9531248960001862
0.0 0.9493271678910626
0.0 0.9455177277425796
0.0 0.9417082875940963
0.0 0.9378988474456134
0.0 0.9340894072971302
0.0 0.930279967148647
0.0 0.9264705270001641
0.0 0.9226431721336839
0.0 0.9187740162585437
0.0 0.9148630593747437
0.0 0.9109103014822839
0.0 0.906915742581164
0.0 0.9028793826713842
0.0 0.8988012217529446
0.0 0.8946812598258453
0.0 0.8905194968900857
0.0 0.8863159329456664
0.0 0.8820884827105844
0.0 0.8778610324755023
0.0 0.8736335822404203
0.0 0.8694061320053381
0.0 0.865178681770256
0.0 0.860951231535174
0.0 0.8567237813000921
0.0 0.8525557004731791
0.0 0.848446989054435
0.0 0.8443976470438602
0.0 0.8404076744414544
0.0 0.8364770712472176
0.0 0.83260583746115
0.0 0.8287939730832514
0.0 0.8250414781135219
0.0 0.8213483525519615
0.0 0.8177145963985701
0.0 0.8140808402451789
0.0 0.8104470840917875
0.0 0.8068133279383962
0.0 0.8031795717850049
0.0 0.7995458156316135
0.0 0.7959120594782223
0.0 0.7922887774340561
0.0 0.7886838250810337
0.0 0.7850972024191554
0.0 0.7815289094484212
0.0 0.7779789461688309
0.0 0.7744473125803846
0.0 0.770934008683082
0.0 0.7674390344769237
0.0 0.7639623899619091
0.0 0.7605040751380385
0.0 0.7570536158960868
0.0 0.7536031566541351
0.0 0.7501526974121834
0.0 0.7467022381702316
0.0 0.7432517789282799
0.0 0.7398013196863282
0.0 0.7363525811772703
0.0 0.7329158877984683
0.0 0.7294912395499223
0.0 0.7260786364316325
0.0 0.7226780784435987
0.0 0.7192895655858209
0.0 0.7159130978582993
0.0 0.7125486752610336
0.0 0.7091962977940238
0.0 0.7058559654572703
0.0 0.702525957517879
0.0 0.6991959495784877
0.0 0.6958659416390965
0.0 0.6925359336997052
0.0 0.689205925760314
0.0 0.6858759178209228
0.0 0.6825459098815315
0.0 0.6792506543623817
0.0 0.6760040522315702
0.0 0.6728061034890969
0.0 0.6696568081349615
0.0 0.6665561661691644
0.0 0.6635041775917057
0.0 0.6605008424025848
0.0 0.6575461606018022
0.0 0.6546401321893577
0.0 0.6517827571652514
0.0 0.6489392831092418
0.0 0.646095809053232
0.0 0.6432523349972223
0.0 0.6404088609412126
0.0 0.6375653868852029
0.0 0.6347219128291932
0.0 0.6318845617589246
0.0 0.6290686411387498
0.0 0.6262741509686687
0.0 0.6235010912486811
0.0 0.6207494619787874
0.0 0.6180192631589875
0.0 0.6153104947892811
0.0 0.6126231568696685
0.0 0.6099572494001496
0.0 0.6073127723807246
0.0 0.6046836028256521
0.0 0.6020544332705796
0.0 0.5994252637155071
0.0 0.5967960941604347
0.0 0.5941669246053621
0.0 0.5915377550502898
0.0 0.5889085854952173
0.0 0.5862959640268405
0.0 0.5837026486596086
0.0 0.5811286393935216
0.0 0.5785739362285796
0.0 0.5760385391647824
0.0 0.5735224482021303
0.0 0.571025663340623
0.0 0.5685481845802607
0.0 0.5660900119210434
0.0 0.5636511453629708
0.0 0.5612150368193477
0.0 0.5587789282757245
0.0 0.5563428197321012
0.0 0.553906711188478
0.0 0.5514706026448549
0.0 0.5490344941012317
0.0 0.5466230131601012
0.0 0.5442689966247873
0.0 0.5419724444952897
0.0 0.5397333567716085
0.0 0.5375517334537437
0.0 0.5354275745416954
0.0 0.5333608800354637
0.0 0.5313516499350481
0.0 0.5293998842404491
0.0 0.5275055829516666
0.0 0.5256441184662076
0.0 0.5237826539807487
0.0 0.5219211894952899
0.0 0.5200597250098309
0.0 0.518198260524372
0.0 0.5163367960389131
0.0 0.5144753315534542
0.0 0.5126645348904165
0.0 0.5109044060498001
0.0 0.5091949450316049
0.0 0.5075361518358311
0.0 0.5059280264624784
0.0 0.5043705689115471
0.0 0.5028637791830368
0.0 0.501407657276948
0.0 0.5000022031932803
0.0 0.49864741693203396
0.0 0.49729263067078755
0.0 0.49593784440954114
0.0 0.49458305814829473
0.0 0.4932282718870483
0.0 0.4918734856258019
0.0 0.49051869936455555
0.0 0.4891880375437072
0.0 0.48789959349355555
0.0 0.48665336721410046
0.0 0.485449358705342
0.0 0.4842875679672802
0.0 0.4831679949999149
0.0 0.4820906398032464
0.0 0.4810555023772744
0.0 0.4800625827219991
0.0 0.4791118808374203
0.0 0.47817927228314006
0.0 0.4772466637288598
0.0 0.47631405517457964
0.0 0.47538144662029946
0.0 0.47444883806601923
0.0 0.4735162295117391
0.0 0.4725912916942522
0.0 0.4717200490343178
0.0 0.47090250153193625
0.0 0.47013864918710724
0.0 0.46942849199983094
0.0 0.4687720299701073
0.0 0.4681692630979362
0.0 0.46762019138331784
0.0 0.4671248148262522
0.0 0.46668313342673917
0.0 0.46628747644798557
0.0 0.4658918194692319
0.0 0.4654961624904783
0.0 0.4651005055117247
0.0 0.4647048485329711
0.0 0.46430919155421746
0.0 0.46391353457546386
0.0 0.46354613880947837
0.0 0.46321830874136816
0.0 0.4629300443711333
0.0 0.46268134569877384
0.0 0.46247221272428984
0.0 0.46230264544768107
0.0 0.46217264386894774
0.0 0.46208220798808974
0.0 0.4620313378051072
0.0 0.46202003331999997
0.0 0.46202003331999997
0.0 0.46202003331999997
0.0 0.46202003331999997
0.0 0.46202003331999997
0.0 0.46202003331999997
0.0 0.46202003331999997
0.0 0.46202418612654494
0.0 0.4620428737559972
0.0 0.46207609620835666
0.0 0.4621238534836232
0.0 0.46218614558179716
0.0 0.46226297250287823
0.0 0.46235433424686667
0.0 0.46246023081376236
0.0 0.4625806622035653
0.0 0.46271562841627545
0.0 0.462860976645348
0.0 0.4630063248744204
0.0 0.4631516731034928
0.0 0.46329702133256523
0.0 0.4634423695616377
0.0 0.4635877177907102
0.0 0.46373306601978265
0.0 0.46386595582922036
0.0 0.46398431081575076
0.0 0.4640881309793739
0.0 0.4641774163200898
0.0 0.4642521668378985
0.0 0.4643123825328
0.0 0.4643580634047942
0.0 0.4643892094538811
0.0 0.46440582068006087
0.0 0.4644078970833333
0.0 0.4644078970833333
0.0 0.4644078970833333
0.0 0.4644078970833333
0.0 0.4644078970833333
0.0 0.4644078970833333
0.0 0.4644078970833333
0.0 0.4644078970833333
0.0 0.4644078970833333
0.0 0.4644078970833333
0.0 0.4644078970833333
0.0 0.4644078970833333
0.0 0.4644078970833333
0.0 0.4644078970833333
0.0 0.4644078970833333
0.0 0.4644078970833333
0.0 0.4644078970833333
0.0 0.4644078970833333
0.0 0.4644078970833333
0.0 0.4644078970833333
0.0 0.4644078970833333
0.0 0.4644078970833333
0.0 0.4644078970833333
0.0 0.4644078970833333
0.0 0.4644078970833333
0.0 0.4644078970833333
0.0 0.4644078970833333
0.0 0.46478050569604834
