0.08811254893747816 1.5379502480389389
0.08889800656788392 1.5370378040939636
0.08984055572437084 1.5359428713599934
0.0909401964069389 1.5346654498370282
0.0921969286155881 1.5332055395250679
0.09361075235031845 1.5315631404241126
0.09518166761112996 1.5297382525341623
0.09675258287194145 1.5279133646442118
0.09832349813275296 1.5260884767542615
0.09989441339356447 1.5242635888643112
0.10146532865437599 1.5224387009743607
0.10303624391518751 1.5206138130844105
0.104607159175999 1.5187889251944602
0.1062102408639336 1.516872304348483
0.1078548276191238 1.5148373183979555
0.10954091944156963 1.5126839673428774
0.11126851633127104 1.5104122511832485
0.11303761828822806 1.508022169919069
0.11484822531244071 1.505513723550339
0.11670033740390895 1.5028869120770585
0.11859395456263279 1.500141735499227
0.12052907678861224 1.4972781938168451
0.1225057040818473 1.4942962870299124
0.12449167001521487 1.4912877480944562
0.12647763594858244 1.488279209159
0.12846360188195002 1.4852706702235439
0.1304495678153176 1.4822621312880875
0.13243553374868516 1.4792535923526313
0.13442149968205275 1.4762450534171752
0.13640560498624518 1.4732120505968413
0.138386327328301 1.4701345679858209
0.14036366670822017 1.467012605584114
0.14233762312600276 1.4638461633917206
0.1443081965816487 1.4606352414086405
0.14627538707515803 1.457379839634874
0.14823919460653073 1.4540799580704213
0.15019961917576682 1.4507355967152815
0.15215666078286633 1.4473467555694557
0.15411031942782913 1.4439134346329432
0.15606245573983052 1.4404600977906215
0.1580145920518319 1.4370067609483
0.15996672836383327 1.4335534241059786
0.16191886467583463 1.430100087263657
0.16387100098783602 1.4266467504213356
0.1658231372998374 1.4231934135790139
0.1677453661847124 1.419748485862854
0.16957557221689096 1.4163294323810376
0.17131375539637306 1.4129362531335643
0.17295991572315872 1.4095689481204352
0.17451405319724791 1.4062275173416487
0.17597616781864064 1.402911960797206
0.17734625958733694 1.3996222784871069
0.17862432850333676 1.3963584704113507
0.17981037456664015 1.3931205365699384
0.18090439777724707 1.3899084769628696
0.18193630556228388 1.3867138824639824
0.1829682133473207 1.3835192879650953
0.18400012113235747 1.380324693466208
0.1850320289173943 1.3771300989673207
0.1860639367024311 1.3739355044684336
0.1870958444874679 1.3707409099695465
0.18812299016957784 1.367545998413124
0.1891025148224188 1.3643479162813479
0.19003441844599078 1.3611466635742184
0.19091870104029382 1.3579422402917352
0.19175536260532788 1.3547346464338985
0.192544403141093 1.3515238820007085
0.19328582264758914 1.3483099469921647
0.19397962112481634 1.3450928414082675
0.19462579857277457 1.3418725652490164
0.19522435499146384 1.338649118514412
0.19578005248381103 1.3354228182619894
0.1963357499761582 1.332196518009567
0.19689144746850543 1.3289702177571443
0.19744714496085258 1.3257439175047219
0.19800284245319982 1.3225176172522994
0.198558539945547 1.319291316999877
0.19911423743789422 1.3160650167474546
0.1996325294736766 1.3128178039192437
0.20010807241624212 1.3095466910044173
0.20054086626559067 1.3062516780029758
0.20093091102172234 1.3029327649149187
0.20127820668463708 1.2995899517402465
0.20158275325433495 1.2962232384789591
0.20184455073081584 1.2928326251310565
0.20206359911407984 1.2894181116965386
0.20223989840412687 1.2859796981754053
0.20237344860095707 1.2825173845676565
0.20250165516113508 1.2790520834490806
0.2026298617213132 1.2755867823305052
0.20275806828149123 1.2721214812119295
0.20288627484166924 1.268656180093354
0.2030144814018473 1.2651908789747786
0.20314268796202534 1.2617255778562029
0.20324323153570933 1.258291419504376
0.20330121666863313 1.2549051731013936
0.2033166433607968 1.2515668386472556
0.20328951161220032 1.2482764161419624
0.20321982142284373 1.2450339055855129
0.20310757279272693 1.241839306977908
0.20295276572185006 1.2386926203191475
0.202755400210213 1.2355938456092315
0.20251547625781582 1.2325429828481596
0.20223299386465848 1.2295400320359322
0.2019356160172351 1.2265538504058007
0.20163823816981172 1.223567668775669
0.2013408603223883 1.220581487145537
0.20104348247496492 1.217595305515405
0.20074610462754156 1.2146091238852732
0.20044872678011816 1.2116229422551414
0.20014679848006747 1.2086385034212364
0.19983416323265846 1.205658165284335
0.19951082103789114 1.2026819278444378
0.19917677189576546 1.1997097911015446
0.19883201580628146 1.196741755055655
0.19847655276943915 1.1937778197067697
0.1981103827852385 1.1908179850548883
0.19773350585367955 1.1878622511000105
0.19734592197476225 1.184910617842137
0.1969476311484866 1.1819630852812673
0.19654318382747987 1.1790179106211747
0.19613873650647323 1.1760727359610823
0.19573428918546656 1.17312756130099
0.19532984186445984 1.1701823866408974
0.1949253945434532 1.167237211980805
0.19452094722244653 1.1642920373207126
0.19411735291595789 1.1613486377580444
0.19371802368205962 1.1584141136824986
0.19332295952075162 1.1554884650940747
0.1929321604320339 1.1525716919927727
0.19254562641590656 1.149663794378593
0.1921633574723695 1.1467647722515353
0.19178535360142274 1.1438746256115995
0.19141161480306634 1.140993354458786
0.19104214107730016 1.1381209587930945
0.19067693242412434 1.135257438614525
0.19031513582902077 1.1324010188256532
0.18995333923391716 1.1295445990367816
0.1895915426388136 1.1266881792479098
0.18922974604371 1.123831759459038
0.1888679494486064 1.120975339670166
0.1885061528535028 1.1181189198812944
0.18814435625839926 1.1152625000924226
0.1877946643237836 1.1125005952827243
0.18745738742556584 1.1098356289132043
0.18713252556374593 1.1072676009838622
0.1868200787383239 1.1047965114946985
0.18652004694929977 1.1024223604457124
0.18623243019667352 1.1001451478369044
0.18595722848044516 1.0979648736682746
0.18569444180061462 1.0958815379398228
0.185444070157182 1.093895140651549
0.18520611355014727 1.0920056818034534
0.18496846731902244 1.0901186464163621
0.18473082108789762 1.0882316110292707
0.18449317485677283 1.0863445756421795
0.18425552862564804 1.0844575402550882
0.1840178823945232 1.0825705048679972
0.1837802361633984 1.0806834694809058
0.18353674019855504 1.078863319455566
0.18328544458875365 1.0771323499125613
0.18302634933399417 1.0754905608518919
0.18275945443427669 1.0739379522735577
0.1824847598896011 1.0724745241775588
0.1822022656999675 1.071100276563895
0.1819119718653758 1.0698152094325666
0.1816138783858261 1.0686193227835732
0.18130798526131828 1.0675126166169149
0.18099429249185245 1.0664950909325923
0.1806786498111471 1.065499860368853
0.18036300713044173 1.064504629805114
0.18004736444973637 1.0635093992413749
0.17973172176903102 1.0625141686776358
0.17941607908832566 1.0615189381138967
0.1791004364076203 1.0605237075501577
0.1787782598219509 1.0595654731139328
0.17844363770301666 1.0586777074920204
0.17809657005081753 1.0578604106844205
0.17773705686535357 1.0571135826911333
0.17736509814662477 1.056437223512159
0.17698069389463109 1.055831333147497
0.17658384410937258 1.0552959115971479
0.1761745487908492 1.0548309588611111
0.175752807939061 1.054436474939387
0.1753186215540079 1.0541124598319758
0.17487852354065403 1.053821917411363
0.17443842552730013 1.05353137499075
0.17399832751394628 1.0532408325701372
0.17355822950059238 1.0529502901495242
0.1731181314872385 1.0526597477289115
0.17267803347388463 1.0523692053082985
0.17223672285575006 1.0520976004508884
0.17179137022167987 1.0518891208041545
0.17134197557167402 1.051743766368097
0.1708885389057326 1.0516615371427158
0.1704310602238555 1.051642433128011
0.16996953952604282 1.0516864543239821
0.16950397681229448 1.0517936007306297
0.16903437208261052 1.0519638723479534
0.16856072533699093 1.0521972691759534
0.16808303657543572 1.0524937912146297
0.16760251840272555 1.0528345009007793
0.16712200023001542 1.053175210586929
0.16664148205730528 1.0535159202730786
0.16616096388459511 1.0538566299592282
0.16568044571188495 1.0541973396453779
0.1651999275391748 1.0545380493315275
0.16471917089459256 1.0548834131272091
0.1642352346250488 1.0552908317166523
0.1637481187305436 1.0557603050998567
0.16325782321107687 1.0562918332768225
0.16276434806664872 1.0568854162475494
0.16226769329725907 1.057541054012038
0.16176785890290793 1.0582587465702877
0.16126484488359533 1.0590384939222988
0.1607586512393212 1.0598802960680713
0.16024927797008562 1.0607841530076052
0.15973696354776068 1.0617454106313682
0.15922464912543574 1.0627066682551312
0.15871233470311077 1.0636679258788941
0.15820002028078586 1.0646291835026571
0.1576877058584609 1.0655904411264203
0.15717539143613596 1.0665516987501833
0.15666307701381102 1.0675129563739463
0.15615871069710635 1.0684247571800467
0.1556636950928961 1.069278373494779
0.1551780302011803 1.0700738053181433
0.15470171602195898 1.07081105265014
0.15423475255523203 1.0714901154907688
0.1537771398009995 1.0721109938400295
0.15332887775926146 1.0726736876979224
0.15288996643001782 1.0731781970644472
0.15246040581326867 1.0736245219396041
0.1520401959090139 1.0740126623233932
0.1516213886116333 1.0743920750334772
0.15120258131425274 1.0747714877435612
0.15078377401687212 1.0751509004536448
0.15036496671949157 1.0755303131637288
0.14994615942211098 1.0759097258738128
0.14952735212473034 1.0762891385838966
0.14911506477044173 1.076665666640732
0.14871320932510015 1.0770375792523696
0.14832178578870572 1.0774048764188093
0.14794079416125838 1.0777675581400514
0.1475702344427581 1.0781256244160957
0.14721010663320497 1.0784790752469426
0.1468604107325989 1.078827910632591
0.14652114674093994 1.0791721305730424
0.14619231465822805 1.079511735068296
0.1458739144844633 1.0798467241183514
0.14555942627655366 1.0801799823764577
0.14524493806864408 1.0805132406345646
0.1449304498607345 1.0808464988926707
0.14461596165282486 1.0811797571507773
0.14430147344491526 1.0815130154088837
0.14398698523700565 1.0818462736669903
0.1436789899925941 1.0821767403929539
0.1433872271569276 1.0825002282885592
0.14311169673000618 1.0828167373538071
0.14285239871182984 1.0831262675886968
0.1426093331023986 1.0834288189932288
0.1423824999017124 1.083724391567403
0.1421718991097713 1.0840129853112197
0.14197753072657526 1.0842946002246785
0.14179939475212433 1.0845692363077792
0.14163749118641847 1.0848368935605224
0.14148532706595965 1.0851003635150505
0.14133316294550083 1.085363833469579
0.141180998825042 1.0856273034241073
0.14102883470458316 1.0858907733786356
0.14087667058412434 1.086154243333164
0.1407245064636655 1.0864177132876922
0.14057445364525853 1.086677767309009
0.14043646541000515 1.0869183017119723
0.14031054175790533 1.087139316496583
0.1401966826889591 1.0873408116628402
0.14009488820316643 1.087522787210745
0.14000515830052734 1.0876852431402964
0.1399274929810418 1.0878281794514948
0.13986189224470982 1.0879515961443402
0.13980835609153144 1.0880554932188327
0.1397668845215066 1.088139870674972
0.13973536623258348 1.0882081444459701
0.13970384794366034 1.0882764182169682
0.1396723296547372 1.0883446919879662
0.13964081136581408 1.0884129657589645
0.13960929307689093 1.0884812395299626
0.1395777747879678 1.0885495133009606
0.13954625649904467 1.0886177870719587
0.13952558947652458 1.0886662180270543
0.13951634483969183 1.088693761807515
0.1395185225885465 1.0887004184133415
0.13953212272308851 1.0886861878445333
0.13955714524331791 1.0886510701010907
0.13959359014923473 1.0885950651830136
0.13964145744083886 1.0885181730903022
0.13970074711813046 1.0884203938229562
0.1397714591811094 1.0883017273809759
0.1398535936297757 1.0881621737643608
0.13993629919772643 1.0880215757890142
0.1400190047656771 1.0878809778136673
0.14010171033362778 1.0877403798383205
0.14018441590157849 1.087599781862974
0.1402671214695292 1.0874591838876273
0.1403498270374799 1.0873185859122807
0.14042462549817905 1.087191504253662
0.14048851760404862 1.0870830657905306
0.14054150335508853 1.086993270522886
0.14058358275129873 1.0869221184507287
0.14061475579267935 1.0868696095740584
0.1406350224792303 1.0868357438928753
0.14064438281095157 1.0868205214071793
0.14064283678784317 1.0868239421169703
0.14063038440990516 1.0868460060222485
0.14060702567713748 1.0868867131230133
0.14058066769679164 1.0869325471025375
0.1405543097164458 1.0869783810820615
0.1405279517361 1.0870242150615854
0.1405015937557542 1.0870700490411094
0.14047523577540835 1.0871158830206336
0.14044887779506252 1.0871617170001575
0.1403491391731998 1.0872611556216574
0.14010263926830338 1.0874678035271084
0.13970937808037326 1.087781660716511
0.13916935560940938 1.0882027271898647
0.13848257185541174 1.08873100294717
0.13764902681838043 1.0893664879884266
0.13666872049831535 1.0901091823136346
0.1355416528952166 1.090959085922794
0.1342678240090841 1.0919161988159047
0.13284723383991784 1.0929805209929668
0.13135326302923475 1.0940984478120048
0.12985929221855166 1.0952163746310426
0.12836532140786855 1.0963343014500804
0.12687135059718546 1.0974522282691184
0.12537737978650232 1.0985701550881561
0.12388340897581923 1.099688081907194
0.12237152886616251 1.1008342144970718
0.12079452403296527 1.1020829135263674
0.11915239447622754 1.103434178995081
0.11744514019594933 1.1048880109032126
0.11567276119213064 1.106444409250762
0.11383525746477147 1.108103374037729
0.1119326290138718 1.1098649052641145
0.10996487583943165 1.1117290029299176
0.10793199794145099 1.1136956670351386
0.10583399531992986 1.1157648975797776
0.10368877727384188 1.1179084887929944
0.10154355922775386 1.1200520800062113
0.09939834118166588 1.1221956712194283
0.09725312313557788 1.1243392624326451
0.0951079050894899 1.1264828536458622
0.0929626870434019 1.128626444859079
0.09081555956788333 1.1307752575975951
0.08863024350375322 1.133028500842093
0.08640673885101156 1.1353861745925726
0.08414504560965837 1.1378482788490343
0.08184516377969364 1.1404148136114776
0.07950709336111737 1.1430857788799027
0.07713083435392956 1.14586117465431
0.07471638675813022 1.148741000934699
0.07226375057371932 1.1517252577210697
0.0697729258006969 1.1548139450134223
0.06724582186849352 1.1580018412864577
0.06471871793629014 1.1611897375594933
0.06219161400408676 1.1643776338325287
0.059664510071883364 1.167565530105564
0.057137406139679964 1.1707534263785995
0.054610302207476556 1.1739413226516349
0.05208319827527316 1.1771292189246703
0.04951454248357825 1.1804075616310619
0.04689552080159057 1.1837955363778847
0.044226133229310134 1.1872931431651388
0.04150637976673695 1.1909003819928246
0.038736260413871 1.1946172528609416
0.03591577517071229 1.19844375576949
0.033044924037260844 1.2023798907184702
0.030123707013516614 1.2064256577078813
0.027152124099479646 1.2105810567377244
0.0241301752951499 1.2148460878079987
0.021099412460018924 1.2191303044853483
0.018068649624887963 1.223414521162698
0.015037886789756979 1.227698737840048
0.012007123954626003 1.231982954517398
0.008976361119495025 1.2362671711947475
0.005945598284364049 1.2405513878720973
0.002880420562186334 1.244904997985634
-0.00024211530506927886 1.249374263826149
-0.0034220093174027882 1.2539591853936425
-0.006659261474814177 1.258659762688114
-0.009953871777303483 1.2634759957095636
-0.013305840224870686 1.2684078844579914
-0.016715166817515767 1.2734554289333975
-0.020181851555238765 1.2786186291357822
-0.023705894438039644 1.2838974850651452
-0.02728729546591844 1.289291996721486
-0.0308916397518284 1.2947327706686185
-0.034495984037738334 1.3001735446157507
-0.03810032832364829 1.3056143185628832
-0.04170467260955824 1.3110550925100155
-0.04530901689546819 1.316495866457148
-0.04891336118137815 1.32193664040428
-0.052450722909876714 1.3273590631802263
-0.05580946448527819 1.332732549499675
-0.058989585907582597 1.3380570993626264
-0.06199108717678992 1.3433327127690808
-0.06481396829290018 1.348559389719038
-0.06745822925591337 1.3537371302124979
-0.06992387006582948 1.3588659342494607
-0.07221089072264851 1.3639458018299264
-0.07431929122637049 1.368976732953895
-0.07624907157699537 1.3739587276213663
-0.07806721433193461 1.3789101370035268
-0.07988535708687383 1.3838615463856874
-0.08170349984181305 1.3888129557678481
-0.08352164259675227 1.3937643651500087
-0.08533978535169151 1.3987157745321692
-0.08715792810663076 1.40366718391433
-0.08896300613471225 1.40860606536239
-0.0906809859837422 1.4134614272497787
-0.09231186765372064 1.4182332695764963
-0.09385565114464753 1.4229215923425427
-0.0953123364565229 1.427526395547918
-0.09668192358934671 1.4320476791926224
-0.09796441254311901 1.4364854432766556
-0.09915980331783976 1.4408396878000176
-0.10026809591350899 1.4451104127627088
-0.1012892903301267 1.4492976181647288
-0.10223645129455058 1.453413831940178
-0.10318361225897449 1.4575300457156275
-0.10413077322339838 1.4616462594910766
-0.10507793418782228 1.465762473266526
-0.10602509515224617 1.4698786870419756
-0.10697225611667008 1.473994900817425
-0.10791941708109398 1.4781111145928745
-0.10882598676543484 1.48215920047699
-0.10968867398482109 1.4861336345866896
-0.11050747873925268 1.4900344169219741
-0.11128240102872966 1.4938615474828434
-0.11201344085325197 1.4976150262692973
-0.11270059821281969 1.5012948532813357
-0.11334387310743277 1.504901028518959
-0.11394326553709123 1.5084335519821668
-0.11449877550179505 1.5118924236709592
-0.11501040300154425 1.5152776435853363
-0.11551873931642184 1.5186573396166325
-0.11602707563129942 1.5220370356479282
-0.11653541194617702 1.5254167316792244
-0.11704374826105463 1.5287964277105204
-0.1175520845759322 1.5321761237418163
-0.11806042089080979 1.5355558197731123
-0.11850828841114261 1.5388781208133309
-0.11886977193926863 1.5421184290091525
-0.11914487147518785 1.545276744360578
-0.1193335870189002 1.548353066867607
-0.11943591857040578 1.5513473965302398
-0.11945186612970451 1.5542597333484758
-0.11938142969679645 1.5570900773223153
-0.11922460927168158 1.5598384284517581
-0.1189814048543599 1.5625047867368047
-0.11865181644483139 1.5650891521774544
-0.11829631283764085 1.5676489197647854
-0.1179408092304503 1.5702086873521162
-0.11758530562325975 1.5727684549394472
-0.1172298020160692 1.5753282225267782
-0.11687429840887864 1.5778879901141092
-0.1165187948016881 1.5804477577014402
-0.11612427306065042 1.5829587237810716
-0.11564760787993461 1.5853669498444933
-0.1150887992595407 1.5876724358917056
-0.1144478471994686 1.5898751819227084
-0.1137247516997184 1.5919751879375017
-0.11291951276029007 1.593972453936085
-0.11203213038118356 1.5958669799184593
-0.11106260456239894 1.5976587658846235
-0.11001093530393619 1.5993478118345785
-0.1088771226057953 1.600934117768324
-0.10770018460182337 1.6024664851935593
-0.10652324659785145 1.6039988526187947
-0.10534630859387953 1.6055312200440301
-0.10416937058990762 1.6070635874692658
-0.10299243258593568 1.608595954894501
-0.10181549458196376 1.6101283223197365
-0.10062512943374258 1.6116265790823165
-0.09938105570852429 1.612988393194275
-0.09808327340630893 1.614213764655612
-0.09673178252709645 1.6153026934663282
-0.09532658307088691 1.6162551796264222
-0.09386767503768027 1.6170712231358948
-0.09235505842747654 1.6177508239947458
-0.09078873324027573 1.6182939822029756
-0.08916869947607783 1.618700697760584
-0.08749495713488281 1.618970970667571
-0.08578093336094002 1.6191389115865915
-0.08406690958699718 1.6193068525056122
-0.08235288581305437 1.619474793424633
-0.08063886203911154 1.6196427343436537
-0.07892483826516872 1.6198106752626746
-0.0772108144912259 1.6199786161816951
-0.07549675469136047 1.6201451403953975
-0.0737812538545904 1.620254996396369
-0.07206431198091569 1.6203081841846103
-0.07034592907033632 1.6203047037601208
-0.06862610512285233 1.6202445551229003
-0.06690484013846369 1.620127738272949
-0.06518213411717041 1.6199542532102678
-0.06345798705897251 1.6197240999348552
-0.06173239896386997 1.6194372784467121
-0.060005369831862776 1.619093788745838
-0.05827693568887356 1.6186950475375521
-0.05654850154588434 1.6182963063292657
-0.05482006740289512 1.6178975651209797
-0.0530916332599059 1.6174988239126933
-0.05136319911691668 1.617100082704407
-0.04963476497392747 1.6167013414961207
-0.047906330830938246 1.6163026002878345
-0.04619009358718683 1.6158825746734644
-0.04448910246748267 1.6154359435514893
-0.042803357471825745 1.6149627069219095
-0.04113285860021609 1.6144628647847248
-0.039477605852653676 1.6139364171399353
-0.037837599229138534 1.6133833639875406
-0.03621283872967065 1.6128037053275415
-0.034603324354249995 1.6121974411599371
-0.03300905610287659 1.6115645714847282
-0.03143003397555045 1.6109050963019145
-0.029854061073033768 1.6102403000175793
-0.028278088170517073 1.6095755037332444
-0.026702115268000377 1.6089107074489095
-0.025126142365483682 1.6082459111645748
-0.023550169462966987 1.60758111488024
-0.021974196560450292 1.6069163185959052
-0.02043163219161842 1.6062585714503232
-0.018947169620499263 1.605613083676486
-0.017520808847092822 1.6049798552743935
-0.0161525498713991 1.6043588862440454
-0.014842392693418098 1.603750176585442
-0.013590337313149833 1.6031537262985833
-0.012396383730594276 1.6025695353834688
-0.011260531945751438 1.6019976038400987
-0.010182781958621321 1.6014379316684735
-0.00916313376920392 1.600890518868593
-0.00816817884381443 1.6003483163017038
-0.007173223918424939 1.5998061137348145
-0.006178268993035449 1.5992639111679252
-0.005183314067645957 1.598721708601036
-0.004188359142256466 1.5981795060341466
-0.0031934042168669766 1.5976373034672575
-0.0022154591020784133 1.5971035578986013
-0.001286113446149634 1.5965939751820384
-0.0004053672490806374 1.5961085553175693
0.0004267794891285762 1.5956472983051946
0.0012103267684780061 1.5952102041449137
0.001945274588967642 1.5947972728367263
0.0026316229505974997 1.5944085043806329
0.0032693718533675746 1.5940438987766332
0.003858521297277866 1.5937034560247274
0.004399071282328374 1.5933871761249154
0.004908031619120015 1.5930866020789642
0.005416991955911662 1.592786028033013
0.005925952292703308 1.5924854539870623
0.006434912629494954 1.5921848799411111
0.0069438729662866005 1.5918843058951602
0.007452833303078246 1.5915837318492088
0.007956725067029621 1.5912861513856384
0.008420068248258864 1.5910125195811127
0.008842862846765968 1.590762836435632
0.009225108862550938 1.5905371019491956
0.00956680629561377 1.5903353161218037
0.009867955145954463 1.5901574789534565
0.01012855541357302 1.5900035904441543
0.01034860709846944 1.5898736505938968
0.010528110200643728 1.5897676594026837
0.010667064720095874 1.5896856168705154
0.010770539229666153 1.5896245294150115
0.010874013739236434 1.589563441959507
0.010977488248806714 1.5895023545040028
0.011080962758376995 1.5894412670484985
0.011184437267947272 1.5893801795929945
0.011287911777517552 1.5893190921374902
0.011391386287087833 1.589258004681986
0.01167405915196783 1.5890797971066115
0.012155841300525275 1.5887714560647137
0.012836732732760165 1.5883329815562934
0.0137167334486725 1.58776437358135
0.014795843448262284 1.5870656321398837
0.016074062731529542 1.586236757231895
0.017551391298474245 1.5852777488573826
0.019227829149096393 1.5841886070163482
0.021103376283395987 1.5829693317087905
0.02317803270137303 1.58161992293471
0.025272600047717822 1.5802575008139774
0.02736716739406262 1.5788950786932445
0.029461734740407412 1.5775326565725118
0.031556302086752204 1.5761702344517792
0.033650869433097 1.5748078123310465
0.035745436779441774 1.5734453902103136
0.03783723031752154 1.5720829854461849
0.03992491451002351 1.5707206063955435
0.04200848935694766 1.5693582530583894
0.044087954858294004 1.5679959254347229
0.04616331101406251 1.566633623524544
0.04823455782425323 1.5652713473278523
0.05030169528886613 1.563909096844648
0.05236472340790123 1.5625468720749311
0.05442364218135852 1.5611846730187018
0.05647845160923799 1.5598224996759598
0.05853192549980468 1.5584603346901014
0.06058539939037138 1.5570981697042428
0.06263887328093806 1.555736004718384
0.06469234717150475 1.5543738397325253
0.06674582106207143 1.5530116747466671
0.06879929495263812 1.5516495097608085
0.07078078703712161 1.5503347861926169
0.07260231955253131 1.5491254879970193
0.07426389249886722 1.5480216151740152
0.07576550587612936 1.547023167723605
0.07710715968431768 1.5461301456457885
0.07828885392343223 1.5453425489405659
0.07931058859347298 1.5446603776079373
0.08017236369443995 1.5440836316479016
0.08087417922633315 1.54361231106046
0.08141603518915252 1.5432464158456123
0.08186991338898132 1.5429385045856912
0.08232379158881013 1.5426305933257696
0.0827776697886389 1.5423226820658484
0.08323154798846771 1.542014770805927
0.08368542618829651 1.5417068595460057
0.0841393043881253 1.5413989482860848
0.08458298159133314 1.541097965611307
0.08498132103178117 1.5408277766482772
0.08533432270946943 1.5405883813969952
0.08564198662439787 1.540379779857461
0.0859043127765665 1.540201972029675
0.08612130116597533 1.540054957913637
0.08629295179262438 1.5399387375093467
0.0864192646565136 1.5398533108168047
0.08650023975764304 1.5397986778360109
0.08653587709601267 1.539774838566965
0.08653637766824346 1.5397748644245235
0.08653687824047424 1.539774890282082
0.08653737881270503 1.5397749161396406
0.0865378793849358 1.5397749419971993
0.0865383799571666 1.539774967854758
0.08653888052939739 1.5397749937123166
0.08653938110162816 1.5397750195698754
0.08653983161663586 1.539775042841678
0.08654023207442049 1.5397750635277248
0.08654058247498203 1.539775081628016
0.08811254893747816 1.5379502480389389
