0.0 0.37976128153347605
0.0 0.37976137086965844
0.0 0.37976147807307736
0.0 0.37976160314373275
0.0 0.3797617460816246
0.0 0.37976190688675304
0.0 0.3797620855591179
0.0 0.37976226423148274
0.0 0.37976244290384764
0.0 0.37976262157621243
0.0 0.37976280024857734
0.0 0.37976297892094224
0.0 0.3797631575933071
0.0 0.37979854100272903
0.0 0.37989729293885366
0.0 0.3800594134016809
0.0 0.380284902391211
0.0 0.3805737599074438
0.0 0.38092598595037913
0.0 0.3813415805200173
0.0 0.3818205436163581
0.0 0.38236287523940166
0.0 0.38296857538914797
0.0 0.3836024393285398
0.0 0.38423630326793173
0.0 0.38487016720732364
0.0 0.3855040311467155
0.0 0.3861378950861074
0.0 0.3867717590254993
0.0 0.38740945652582814
0.0 0.3880816560745894
0.0 0.38878835767178316
0.0 0.38952956131740923
0.0 0.3903052670114678
0.0 0.39111547475395875
0.0 0.39196018454488213
0.0 0.39283939638423804
0.0 0.39375311027202636
0.0 0.3947013262082471
0.0 0.39568021063196335
0.0 0.3966590950556795
0.0 0.39763797947939566
0.0 0.39861686390311185
0.0 0.3995957483268281
0.0 0.4005746327505444
0.0 0.4015535171742606
0.0 0.40255563654918847
0.0 0.4035926083509339
0.0 0.4046644325794971
0.0 0.4057711092348777
0.0 0.4069126383170759
0.0 0.40808901982609164
0.0 0.40930025376192497
0.0 0.41054634012457586
0.0 0.4118272789140443
0.0 0.4131430701303303
0.0 0.4144704788222222
0.0 0.4157978875141141
0.0 0.417125296206006
0.0 0.4184527048978979
0.0 0.4197801135897897
0.0 0.42110752228168175
0.0 0.4224493848407643
0.0 0.4238562898022051
0.0 0.4253282371660038
0.0 0.42686522693216067
0.0 0.4284672591006756
0.0 0.43013433367154874
0.0 0.43186645064478
0.0 0.4336636100203693
0.0 0.43552581179831684
0.0 0.43745305597862244
0.0 0.4394308886940954
0.0 0.4414087214095684
0.0 0.4433865541250413
0.0 0.44536438684051427
0.0 0.4473422195559872
0.0 0.4493200522714602
0.0 0.45129788498693324
0.0 0.45332761986930326
0.0 0.4554240861091126
0.0 0.45758728370636115
0.0 0.4598172126610488
0.0 0.46211387297317574
0.0 0.46447726464274175
0.0 0.466907387669747
0.0 0.4694042420541915
0.0 0.4719678277960751
0.0 0.474598144895398
0.0 0.4772432911852628
0.0 0.4798884374751276
0.0 0.48253358376499256
0.0 0.4851787300548574
0.0 0.4878238763447222
0.0 0.49046902263458714
0.0 0.493108003595979
0.0 0.49572848857195195
0.0 0.4983304775625061
0.0 0.5009139705676412
0.0 0.5034789675873574
0.0 0.5060254686216547
0.0 0.508553473670533
0.0 0.5110629827339924
0.0 0.5135539958120331
0.0 0.5160265129046547
0.0 0.5184866993403303
0.0 0.520946885776006
0.0 0.5234070722116817
0.0 0.5258672586473574
0.0 0.5283274450830331
0.0 0.5307876315187088
0.0 0.5332478179543844
0.0 0.535718546313003
0.0 0.5382011343349324
0.0 0.5406955820201726
0.0 0.5432018893687237
0.0 0.5457200563805855
0.0 0.5482500830557583
0.0 0.5507919693942417
0.0 0.553345715396036
0.0 0.5559113210611412
0.0 0.5584887863895571
0.0 0.5610675694583407
0.0 0.5636463525271246
0.0 0.5662251355959084
0.0 0.5688039186646923
0.0 0.571382701733476
0.0 0.5739614848022596
0.0 0.5765066076023919
0.0 0.5789759947980578
0.0 0.5813696463892575
0.0 0.583687562375991
0.0 0.5859297427582583
0.0 0.5880961875360592
0.0 0.5901868967093942
0.0 0.5922018702782628
0.0 0.594141108242665
0.0 0.5960046106026013
0.0 0.597826037626723
0.0 0.5996474646508445
0.0 0.6014688916749663
0.0 0.6032903186990879
0.0 0.6051117457232094
0.0 0.6069331727473312
0.0 0.6087545997714527
0.0 0.6105319524210744
0.0 0.612265230696196
0.0 0.6139544345968175
0.0 0.6155995641229393
0.0 0.6172006192745609
0.0 0.6187576000516826
0.0 0.620270506454304
0.0 0.6217393384824257
0.0 0.6231640961360474
0.0 0.624544779415169
0.0 0.6259254626942905
0.0 0.6273061459734122
0.0 0.6286868292525338
0.0 0.6300675125316555
0.0 0.631448195810777
0.0 0.6328288790898986
0.0 0.6342328967238626
0.0 0.6356789161965428
0.0 0.6371669375079392
0.0 0.6386969606580518
0.0 0.6402689856468806
0.0 0.6418830124744257
0.0 0.6435390411406869
0.0 0.6452370716456644
0.0 0.6469771039893581
0.0 0.648759138171768
0.0 0.6505598398380519
0.0 0.6523605415043356
0.0 0.6541612431706194
0.0 0.6559619448369032
0.0 0.657762646503187
0.0 0.6595633481694708
0.0 0.6613710392289393
0.0 0.6632416348270698
0.0 0.6651751349638626
0.0 0.6671715396393176
0.0 0.6692308488534348
0.0 0.6713530626062141
0.0 0.6735381808976556
0.0 0.6757862037277591
0.0 0.6780971310965248
0.0 0.6804709630039527
0.0 0.6829007100568582
0.0 0.6853304571097636
0.0 0.687760204162669
0.0 0.6901899512155745
0.0 0.6926196982684799
0.0 0.6950494453213852
0.0 0.6974791923742906
0.0 0.6999035167582275
0.0 0.7023197071387117
0.0 0.7047277635157433
0.0 0.7071276858893221
0.0 0.7095194742594483
0.0 0.7119031286261216
0.0 0.7142786489893423
0.0 0.7166460353491103
0.0 0.7190052877054257
0.0 0.7213564060582883
0.0 0.7237048130766668
0.0 0.7260532200950451
0.0 0.7284016271134235
0.0 0.7307500341318018
0.0 0.7330984411501802
0.0 0.7354468481685585
0.0 0.7378128512943244
0.0 0.7402580369033336
0.0 0.7427824049955858
0.0 0.7453859555710811
0.0 0.74806868862982
0.0 0.7508306041718019
0.0 0.753671702197027
0.0 0.7565919827054955
0.0 0.7595914456972073
0.0 0.7626700911721622
0.0 0.7658103230229731
0.0 0.7689505548737838
0.0 0.7720907867245946
0.0 0.7752310185754054
0.0 0.7783712504262164
0.0 0.781511482277027
0.0 0.7846517141278377
0.0 0.7879019323805105
0.0 0.7912935617212914
0.0 0.7948266021501803
0.0 0.7985010536671773
0.0 0.8023169162722823
0.0 0.8062741899654955
0.0 0.8103728747468169
0.0 0.8146129706162464
0.0 0.8189944775737837
0.0 0.8235173956194295
0.0 0.8280717383513214
0.0 0.8326260810832133
0.0 0.8371804238151053
0.0 0.8417347665469971
0.0 0.846289109278889
0.0 0.8508434520107808
0.0 0.8553886106383553
0.0 0.8599062169529769
0.0 0.8643962709546458
0.0 0.868858772643362
0.0 0.8732937220191255
0.0 0.8777011190819362
0.0 0.8820809638317942
0.0 0.8864332562686997
0.0 0.8907579963926524
0.0 0.8950551842036525
0.0 0.8993340038060174
0.0 0.9036128234083821
0.0 0.907891643010747
0.0 0.912170462613112
0.0 0.9164492822154766
0.0 0.9207281018178415
0.0 0.9250069214202065
0.0 0.9292492268630819
0.0 0.9334504538765317
0.0 0.9376106024605555
0.0 0.9417296726151538
0.0 0.9458076643403266
0.0 0.9498445776360736
0.0 0.9538404125023947
0.0 0.9577951689392904
0.0 0.9617088469467603
0.0 0.9655814465248047
0.0 0.9694494818329129
0.0 0.9733175171410209
0.0 0.9771855524491291
0.0 0.9810535877572372
0.0 0.9849216230653453
0.0 0.9887896583734535
0.0 0.9926939789524956
0.0 0.9966799413911389
0.0 1.0007475456893837
0.0 1.00489679184723
0.0 1.0091276798646773
0.0 1.013440209741726
0.0 1.0178343814783761
0.0 1.0223101950746276
0.0 1.0268676505304806
0.0 1.0315067478459348
0.0 1.0361912017500563
0.0 1.0408756556541778
0.0 1.0455601095582994
0.0 1.0502445634624211
0.0 1.0549290173665429
0.0 1.0596134712706644
0.0 1.0642979251747862
0.0 1.0690018728799484
0.0 1.0737253143861512
0.0 1.0784682496933944
0.0 1.0832306788016781
0.0 1.0880126017110026
0.0 1.0928140184213673
0.0 1.0976349289327727
0.0 1.1024753332452186
0.0 1.107335231358705
0.0 1.1122146232732322
0.0 1.1170940151877593
0.0 1.1219734071022862
0.0 1.1268527990168131
0.0 1.13173219093134
0.0 1.1366115828458672
0.0 1.1414909747603943
0.0 1.1463086744643283
0.0 1.1510153281891946
0.0 1.1556109359349933
0.0 1.1600954977017244
0.0 1.1644690134893882
0.0 1.1687314832979845
0.0 1.1728829071275129
0.0 1.1769232849779738
0.0 1.1808526168493672
0.0 1.1846709027416928
0.0 1.1884398348655445
0.0 1.192208766989396
0.0 1.1959776991132471
0.0 1.1997466312370983
0.0 1.2035155633609496
0.0 1.207284495484801
0.0 1.2110523281157288
0.0 1.214810265310346
0.0 1.2185583070686525
0.0 1.222296453390648
0.0 1.2260247042763326
0.0 1.2297430597257064
0.0 1.2334515197387694
0.0 1.2371500843155219
0.0 1.240838753455963
0.0 1.244517527160094
0.0 1.2481875049208373
0.0 1.2518574826815805
0.0 1.2555274604423237
0.0 1.2591974382030668
0.0 1.26286741596381
0.0 1.2665373937245532
0.0 1.2702073714852964
0.0 1.2738729334965713
0.0 1.2775318718836435
0.0 1.281184186646513
0.0 1.2848298777851797
0.0 1.2884689452996436
0.0 1.292101389189905
0.0 1.2957272094559635
0.0 1.2993464060978193
0.0 1.3029589791154725
0.0 1.306564928508923
0.0 1.3101686700276391
0.0 1.3137724115463554
0.0 1.3173761530650716
0.0 1.3209798945837878
0.0 1.324583636102504
0.0 1.3281873776212203
0.0 1.3317777088126137
0.0 1.3353076935310544
0.0 1.3387773317765423
0.0 1.3421866235490776
0.0 1.34553556884866
0.0 1.34882416767529
0.0 1.352052420028967
0.0 1.3552203259096915
0.0 1.3583278853174632
0.0 1.361375098252282
0.0 1.3643753750414715
0.0 1.367375651830661
0.0 1.3703759286198502
0.0 1.3733762054090393
0.0 1.3763764821982285
0.0 1.3793767589874175
0.0 1.3823770357766068
0.0 1.3853603937388463
0.0 1.3883219989235789
0.0 1.391261851330805
0.0 1.3941799509605242
0.0 1.3970762978127367
0.0 1.3999508918874424
0.0 1.4028037331846412
0.0 1.4056348217043335
0.0 1.408444157446519
0.0 1.4112317404111976
0.0 1.414014489425319
0.0 1.416797238439441
0.0 1.4195799874535624
0.0 1.422362736467684
0.0 1.4251454854818058
0.0 1.4279282344959272
0.0 1.4307025756883416
0.0 1.4334516934156343
0.0 1.4361755876778055
0.0 1.4388742584748553
0.0 1.4415477058067832
0.0 1.4441959296735893
0.0 1.446818930075274
0.0 1.449416707011837
0.0 1.4519892604832787
0.0 1.4545365904895984
0.0 1.457067104852504
0.0 1.4595976192154092
0.0 1.4621281335783147
0.0 1.46465864794122
0.0 1.4671891623041253
0.0 1.4697196766670308
0.0 1.4722501910299364
0.0 1.4747433819025955
0.0 1.4771945838487275
0.0 1.4796037968683327
0.0 1.4819710209614108
0.0 1.484296256127962
0.0 1.486579502367986
0.0 1.4888207596814829
0.0 1.4910200280684527
0.0 1.4931773075288959
0.0 1.4952925980628118
0.0 1.497403223160447
0.0 1.4995138482580823
0.0 1.5016244733557171
0.0 1.5037350984533522
0.0 1.5058457235509872
0.0 1.5079563486486225
0.0 1.5100522153997264
0.0 1.5121148758711342
0.0 1.5141443300628454
0.0 1.5161405779748613
0.0 1.518103619607181
0.0 1.5200334549598051
0.0 1.521930084032733
0.0 1.523793506825965
0.0 1.5256237233395007
0.0 1.5274207335733407
0.0 1.5291992958740168
0.0 1.5309778581746925
0.0 1.5327564204753679
0.0 1.5345349827760435
0.0 1.5363135450767191
0.0 1.538092107377395
0.0 1.5398706696780708
0.0 1.5416177874183274
0.0 1.5433334605981655
0.0 1.5450176892175842
0.0 1.5466704732765844
0.0 1.5482918127751657
0.0 1.5498817077133276
0.0 1.5514401580910708
0.0 1.552967163908395
0.0 1.5544627251653005
0.0 1.5559268418617869
0.0 1.5573909585582735
0.0 1.55885507525476
0.0 1.5603191919512462
0.0 1.561783308647733
0.0 1.5632474253442195
0.0 1.564711542040706
0.0 1.5661819208259913
0.0 1.5676635713711145
0.0 1.5691564936760751
0.0 1.5706606877408742
0.0 1.5721761535655108
0.0 1.5737028911499855
0.0 1.5752409004942978
0.0 1.5767901815984475
0.0 1.5783507344624357
0.0 1.5799225590862613
0.0 1.5814993933811263
0.0 1.5830762276759913
0.0 1.5846530619708559
0.0 1.5862298962657206
0.0 1.5878067305605854
0.0 1.5893835648554504
0.0 1.5909605740734212
0.0 1.5925391575993446
0.0 1.5941193154332207
0.0 1.5957010475750495
0.0 1.597284354024831
0.0 1.598869234782565
0.0 1.600455689848252
0.0 1.6020437192218917
0.0 1.603633322903484
0.0 1.605224500893029
0.0 1.6068170782674212
0.0 1.608409655641813
0.0 1.610002233016205
0.0 1.611594810390597
0.0 1.6131873877649887
0.0 1.6147799651393808
0.0 1.6163725425137727
0.0 1.6179608614922998
0.0 1.6195427928770296
0.0 1.621118336667962
0.0 1.6226874928650972
0.0 1.6242502614684349
0.0 1.6258066424779756
0.0 1.6273566358937188
0.0 1.6289002417156648
0.0 1.6304374599438134
0.0 1.6319682905781647
0.0 1.6334969920145836
0.0 1.6350256934510026
0.0 1.6365543948874213
0.0 1.6380830963238402
0.0 1.6396117977602591
0.0 1.6411404991966778
0.0 1.6426694518665714
0.0 1.6441995350870997
0.0 1.6457307488582635
0.0 1.6472630931800625
0.0 1.6487965680524965
0.0 1.6503311734755655
0.0 1.6518669094492695
0.0 1.6534037759736089
0.0 1.6549417730485834
0.0 1.6564809006741927
0.0 1.658020907616963
0.0 1.6595609145597334
0.0 1.6611009215025037
0.0 1.6626409284452741
0.0 1.6641809353880446
0.0 1.6657209423308146
0.0 1.667260949273585
0.0 1.6687923085195107
0.0 1.6703125492980644
0.0 1.6718216716092467
0.0 1.6733196754530577
0.0 1.6748065608294973
0.0 1.6762823277385648
0.0 1.677746976180261
0.0 1.6792005061545852
0.0 1.6806429176615376
0.0 1.682074210701119
0.0 1.683503032970173
0.0 1.6849318552392272
0.0 1.6863606775082811
0.0 1.687789499777335
0.0 1.689218322046389
0.0 1.6906471443154432
0.0 1.692061978227139
0.0 1.6934348470667608
0.0 1.6947657508343081
0.0 1.6960546895297808
0.0 1.6973016631531797
0.0 1.698506671704504
0.0 1.6996697151837539
0.0 1.7007907935909294
0.0 1.7018699069260308
0.0 1.702907055189058
0.0 1.7039162267373684
0.0 1.7049253982856793
0.0 1.70593456983399
0.0 1.7069437413823014
0.0 1.707952912930612
0.0 1.7089620844789228
0.0 1.7099712560272335
0.0 1.7109541033336826
0.0 1.711907335868037
0.0 1.7128309536302966
0.0 1.7137249566204618
0.0 1.714589344838532
0.0 1.7154241182845082
0.0 1.7162292769583898
0.0 1.7170048208601767
0.0 1.7177507499898688
0.0 1.7184670643474664
0.0 1.7191800881748314
0.0 1.719893112002196
0.0 1.720606135829561
0.0 1.721319159656926
0.0 1.7220321834842907
0.0 1.7227452073116556
0.0 1.7234415363648612
0.0 1.724100302176209
0.0 1.7247215047456983
0.0 1.7253051440733298
0.0 1.7258512201591032
0.0 1.7263597330030183
0.0 1.7268306826050752
0.0 1.7272640689652743
0.0 1.727659892083615
0.0 1.728018151960098
0.0 1.7283555433688818
0.0 1.7286929347776656
0.0 1.7290303261864493
0.0 1.729367717595233
0.0 1.729705109004017
0.0 1.7300425004128006
0.0 1.7303798918215845
0.0 1.7306697661874493
0.0 1.7309121235103953
0.0 1.7311069637904222
0.0 1.7312542870275305
0.0 1.7313540932217193
0.0 1.7314063823729897
0.0 1.731411154481341
0.0 1.7313684095467734
0.0 1.7312781475692867
0.0 1.7311403685488815
0.0 1.731002589528476
0.0 1.7308648105080708
0.0 1.7307270314876655
0.0 1.7305892524672601
0.0 1.7304514734468548
0.0 1.730313694426449
0.0 1.7301473329166106
0.0 1.729929522925792
0.0 1.7296602644539938
0.0 1.729339557501216
0.0 1.728967402067459
0.0 1.7285437981527219
0.0 1.7280687457570048
0.0 1.7275422448803082
0.0 1.7269642955226316
0.0 1.7263348976839754
0.0 1.725682633853773
0.0 1.7250303700235698
0.0 1.7243781061933672
0.0 1.7237258423631645
0.0 1.7230735785329618
0.0 1.7224213147027594
0.0 1.7217638984246328
0.0 1.721060110115196
0.0 1.7203099497744485
0.0 1.7195134174023898
0.0 1.7186705129990203
0.0 1.7177812365643401
0.0 1.7168455880983493
0.0 1.7158635676010476
0.0 1.714835175072435
0.0 1.7137604105125115
0.0 1.7126444263692007
0.0 1.7115284422258896
0.0 1.710412458082579
0.0 1.7092964739392684
0.0 1.7081804897959576
0.0 1.7070645056526466
0.0 1.7059485215093355
0.0 1.7048083086309802
0.0 1.7036317526500566
0.0 1.7024188535665659
0.0 1.7011696113805068
0.0 1.699884026091881
0.0 1.6985620977006872
0.0 1.697203826206926
0.0 1.6958092116105972
0.0 1.6943782539117005
0.0 1.6929109531102366
0.0 1.6914315379412501
0.0 1.6899521227722636
0.0 1.6884727076032773
0.0 1.686993292434291
0.0 1.6855138772653042
0.0 1.684034462096318
0.0 1.6825500005371512
0.0 1.6810428302221738
0.0 1.6795129511513855
0.0 1.6779603633247864
0.0 1.6763850667423763
0.0 1.6747870614041558
0.0 1.6731663473101244
0.0 1.671522924460282
0.0 1.6698567928546288
0.0 1.6681679524931647
0.0 1.6664614497660701
0.0 1.6647549470389755
0.0 1.663048444311881
0.0 1.6613419415847863
0.0 1.6596354388576917
0.0 1.657928936130597
0.0 1.6562224334035025
0.0 1.6545110691442981
0.0 1.6527934543438103
0.0 1.6510695890020384
0.0 1.649339473118983
0.0 1.6476031066946437
0.0 1.6458604897290205
0.0 1.6441116222221137
0.0 1.642356504173923
0.0 1.6405951355844486
0.0 1.6388275164536903
0.0 1.6370585083137579
0.0 1.6352895001738255
0.0 1.633520492033893
0.0 1.6317514838939606
0.0 1.6299824757540282
0.0 1.6282134676140958
0.0 1.6264513150732915
0.0 1.6247097293298727
0.0 1.622988710383839
0.0 1.62128825823519
0.0 1.6196083728839268
0.0 1.6179490543300483
0.0 1.616310302573555
0.0 1.614692117614447
0.0 1.6130944994527239
0.0 1.611517448088386
0.0 1.609954107922305
0.0 1.608390767756224
0.0 1.606827427590143
0.0 1.6052640874240618
0.0 1.6037007472579807
0.0 1.6021374070918997
0.0 1.6005740669258186
0.0 1.5990032430987282
0.0 1.5974240001530031
0.0 1.5958363380886427
0.0 1.594240256905647
0.0 1.5926357566040166
0.0 1.591022837183751
0.0 1.5894014986448501
0.0 1.587771740987314
0.0 1.586133564211143
0.0 1.5844869683163367
0.0 1.582839436963904
0.0 1.5811919056114716
0.0 1.5795443742590392
0.0 1.5778968429066067
0.0 1.5762493115541745
0.0 1.5746017802017418
0.0 1.572944814091781
0.0 1.5712666197773808
0.0 1.5695671972585412
0.0 1.567846546535263
0.0 1.566104667607545
0.0 1.5643415604753885
0.0 1.562557225138792
0.0 1.5607516615977568
0.0 1.5589248698522824
0.0 1.5570768499023686
0.0 1.5552170365055442
0.0 1.55335722310872
0.0 1.5514974097118959
0.0 1.5496375963150713
0.0 1.547777782918247
0.0 1.5459179695214227
0.0 1.5440581561245983
0.0 1.5421828351694633
0.0 1.5402920066560175
0.0 1.538385670584261
0.0 1.536463826954193
0.0 1.5345264757658146
0.0 1.5325736170191253
0.0 1.5306052507141255
0.0 1.5286213768508148
0.0 1.5266219954291933
0.0 1.5246071064492608
0.0 1.5225922174693283
0.0 1.5205773284893958
0.0 1.5185624395094635
0.0 1.5165475505295312
0.0 1.5145326615495986
0.0 1.5125177725696664
0.0 1.5105000688337389
0.0 1.5084772985370214
0.0 1.5064494616795132
0.0 1.5044165582612141
0.0 1.5023785882821248
0.0 1.500335551742245
0.0 1.4982874486415747
0.0 1.4962342789801137
0.0 1.494176042757862
0.0 1.49211273997482
0.0 1.490047185386982
0.0 1.4879816307991443
0.0 1.4859160762113064
0.0 1.4838505216234685
0.0 1.481784967035631
0.0 1.479719412447793
0.0 1.477653703985929
0.0 1.4755866106578284
0.0 1.4735181324634912
0.0 1.4714482694029176
0.0 1.4693770214761073
0.0 1.467304388683061
0.0 1.465230371023778
0.0 1.4631549684982583
0.0 1.4610781811065023
0.0 1.4590000088485098
0.0 1.4569206055983073
0.0 1.4548412023481043
0.0 1.4527617990979018
0.0 1.4506823958476993
0.0 1.4486029925974961
0.0 1.4465235893472939
0.0 1.4444441860970907
0.0 1.4423600437057083
0.0 1.440268792602555
0.0 1.4381704327876315
0.0 1.436064964260938
0.0 1.433952387022474
0.0 1.4318327010722396
0.0 1.429705906410235
0.0 1.4275720030364605
0.0 1.4254309909509153
0.0 1.4232828701535998
0.0 1.4211323797856945
0.0 1.4189818894177892
0.0 1.4168313990498838
0.0 1.4146809086819783
0.0 1.412530418314073
0.0 1.4103799279461677
0.0 1.4082288075443343
0.0 1.4060748519898252
0.0 1.4039180612826405
0.0 1.4017584354227801
0.0 1.3995959744102442
0.0 1.3974306782450325
0.0 1.3952625469271451
0.0 1.393091580456582
0.0 1.3909177788333436
0.0 1.388741142057429
0.0 1.3865623001627667
0.0 1.3843834582681047
0.0 1.3822046163734427
0.0 1.3800257744787803
0.0 1.3778469325841183
0.0 1.375668090689456
0.0 1.3734892487947938
0.0 1.3713216689537862
0.0 1.369168568896049
0.0 1.367029948621582
0.0 1.3649058081303855
0.0 1.3627961474224588
0.0 1.3607009664978027
0.0 1.3586202653564168
0.0 1.3565540439983013
0.0 1.3545023024234562
0.0 1.3524650406318808
0.0 1.3504309965699215
0.0 1.3483969525079618
0.0 1.3463629084460025
0.0 1.344328864384043
0.0 1.3422948203220837
0.0 1.340260776260124
0.0 1.3382273454702207
0.0 1.3361957544964864
0.0 1.3341660033389213
0.0 1.3321380919975248
0.0 1.3301120204722976
0.0 1.3280877887632387
0.0 1.326065396870349
0.0 1.3240448447936282
0.0 1.3220261325330767
0.0 1.320009260088694
0.0 1.3179936141884236
0.0 1.3159779682881532
0.0 1.3139623223878831
0.0 1.3119466764876129
0.0 1.3099310305873424
0.0 1.3079153846870721
0.0 1.3058997387868017
0.0 1.303856616292958
0.0 1.3017825826313438
0.0 1.2996776378019597
0.0 1.297541781804805
0.0 1.2953750146398797
0.0 1.2931773363071848
0.0 1.2909487468067193
0.0 1.2886892461384838
0.0 1.2863988343024775
0.0 1.284077511298701
0.0 1.2817527537207283
0.0 1.2794279961427553
0.0 1.2771032385647825
0.0 1.2747784809868095
0.0 1.2724537234088367
0.0 1.2701289658308632
0.0 1.267810774940548
0.0 1.2655073590974628
0.0 1.2632187183016066
0.0 1.2609448525529805
0.0 1.2586857618515843
0.0 1.2564414461974174
0.0 1.2542119055904806
0.0 1.2519971400307734
0.0 1.249797149518296
0.0 1.2476119340530483
0.0 1.2454349269473726
0.0 1.2432579198416969
0.0 1.2410809127360212
0.0 1.2389039056303455
0.0 1.2367268985246698
0.0 1.234549891418994
0.0 1.2323728843133186
0.0 1.2302323126431833
0.0 1.228128176408589
0.0 1.2260604756095348
0.0 1.2240292102460213
0.0 1.2220343803180485
0.0 1.2200759858256158
0.0 1.2181540267687239
0.0 1.2162685031473726
0.0 1.2144194149615615
0.0 1.2126067622112913
0.0 1.210794109461021
0.0 1.2089814567107509
0.0 1.2071688039604809
0.0 1.2053561512102104
0.0 1.20354349845994
0.0 1.20173084570967
0.0 1.1999128877956196
0.0 1.1980853805867653
0.0 1.196248324083107
0.0 1.1944017182846445
0.0 1.192545563191378
0.0 1.1906798588033072
0.0 1.1888046051204324
0.0 1.1869198021427538
0.0 1.185025449870271
0.0 1.1831215483029844
0.0 1.1812134026046737
0.0 1.179305256906363
0.0 1.1773971112080521
0.0 1.175488965509741
0.0 1.1735808198114301
0.0 1.1716726741131194
0.0 1.1697632991434692
0.0 1.167842860731765
0.0 1.165911358878007
0.0 1.1639687935821945
0.0 1.1620151648443282
0.0 1.1600504726644076
0.0 1.158074717042433
0.0 1.1560878979784046
0.0 1.1540900154723222
0.0 1.1520810695241854
0.0 1.1500622894053338
0.0 1.1480435092864827
0.0 1.1460247291676313
0.0 1.1440059490487802
0.0 1.1419871689299288
0.0 1.1399683888110772
0.0 1.137949608692226
0.0 1.1359477554385593
0.0 1.1339712924826697
0.0 1.1320202198245573
0.0 1.1300945374642215
0.0 1.128194245401663
0.0 1.1263193436368815
0.0 1.1244698321698772
0.0 1.1226457110006496
0.0 1.1208469801291991
0.0 1.1190736395555256
0.0 1.1173087624144447
0.0 1.1155438852733635
0.0 1.1137790081322823
0.0 1.1120141309912013
0.0 1.1102492538501203
0.0 1.108484376709039
0.0 1.1067290715463154
0.0 1.1050168402861997
0.0 1.1033476829286923
0.0 1.101721599473793
0.0 1.1001385899215017
0.0 1.0985986542718187
0.0 1.0971017925247435
0.0 1.0956480046802763
0.0 1.0942372907384175
0.0 1.0928696506991669
0.0 1.0915355125841668
0.0 1.0902013744691668
0.0 1.0888672363541667
0.0 1.0875330982391669
0.0 1.0861989601241668
0.0 1.0848648220091668
0.0 1.0835306838941667
0.0 1.0821833140642139
0.0 1.080818932029322
0.0 1.0794375377894911
0.0 1.0780391313447208
0.0 1.0766237126950116
0.0 1.0751912818403628
0.0 1.0737418387807751
0.0 1.072275383516248
0.0 1.0707919160467818
0.0 1.0692914363723764
0.0 1.0677871762079845
0.0 1.0662829160435925
0.0 1.0647786558792007
0.0 1.0632743957148088
0.0 1.061770135550417
0.0 1.060265875386025
0.0 1.0587471923681895
0.0 1.0571852407900229
0.0 1.0555800206515251
0.0 1.0539315319526963
0.0 1.0522397746935364
0.0 1.0505047488740453
0.0 1.0487264544942232
0.0 1.0469048915540702
0.0 1.045040060053586
0.0 1.0431319599927706
0.0 1.0411950142250679
0.0 1.0392580684573651
0.0 1.0373211226896624
0.0 1.0353841769219596
0.0 1.033447231154257
0.0 1.0315102853865543
0.0 1.0295733396188516
0.0 1.027617536345413
0.0 1.025640518378022
0.0 1.023642285716678
0.0 1.0216228383613815
0.0 1.0195821763121322
0.0 1.0175202995689303
0.0 1.0154372081317757
0.0 1.0133329020006685
0.0 1.0112073811756084
0.0 1.0090606456565956
0.0 1.0069115529493657
0.0 1.0047624602421361
0.0 1.0026133675349063
0.0 1.0004642748276766
0.0 0.9983151821204468
0.0 0.9961660894132172
0.0 0.9940117724088763
0.0 0.9918457007360353
0.0 0.9896678743946945
0.0 0.9874782933848537
0.0 0.9852769577065129
0.0 0.9830638673596721
0.0 0.9808390223443312
0.0 0.9786024226604904
0.0 0.9763540683081495
0.0 0.9740939592873086
0.0 0.9718273198950788
0.0 0.9695606805028492
0.0 0.9672940411106196
0.0 0.9650274017183897
0.0 0.96276076232616
0.0 0.9604941229339303
0.0 0.9582274835417006
0.0 0.9558664389568357
0.0 0.9534109891793358
0.0 0.9508611342092006
0.0 0.9482168740464303
0.0 0.9454782086910248
0.0 0.9426451381429843
0.0 0.9397176624023086
0.0 0.9366957814689977
0.0 0.9335794953430518
0.0 0.9303688040244708
0.0 0.9271581127058897
0.0 0.9239474213873085
0.0 0.9207367300687274
0.0 0.9175260387501465
0.0 0.9143153474315655
0.0 0.9111046561129844
0.0 0.9078628704063367
0.0 0.9045651148011684
0.0 0.9012113892974799
0.0 0.8978016938952711
0.0 0.8943360285945422
0.0 0.8908143933952929
0.0 0.8872367882975235
0.0 0.8836032133012336
0.0 0.8799136684064235
0.0 0.8761681536130933
0.0 0.8723977633093094
0.0 0.8686273730055256
0.0 0.8648569827017419
0.0 0.8610865923979582
0.0 0.8573162020941743
0.0 0.8535458117903906
0.0 0.8497802664699499
0.0 0.846058325999597
0.0 0.8423799903793321
0.0 0.8387452596091548
0.0 0.8351541336890655
0.0 0.831606612619064
0.0 0.8281026963991502
0.0 0.8246423850293244
0.0 0.8212256785095865
0.0 0.8178525768399363
0.0 0.8145182350370309
0.0 0.8111838932341255
0.0 0.8078495514312203
0.0 0.8045152096283147
0.0 0.8011808678254094
0.0 0.797846526022504
0.0 0.7945121842195987
0.0 0.7911852458846482
0.0 0.7878694127516302
0.0 0.7845646848205446
0.0 0.7812710620913914
0.0 0.7779885445641707
0.0 0.7747171322388826
0.0 0.7714568251155267
0.0 0.7682076231941032
0.0 0.7649695264746121
0.0 0.7617425349570537
0.0 0.7585192451734726
0.0 0.7552959553898914
0.0 0.7520726656063105
0.0 0.7488493758227294
0.0 0.7456260860391483
0.0 0.742402796255567
0.0 0.7391760058618448
0.0 0.7359334627224876
0.0 0.7326751668374952
0.0 0.7294011182068674
0.0 0.7261113168306048
0.0 0.7228057627087069
0.0 0.7194844558411738
0.0 0.7161473962280056
0.0 0.7127945838692024
0.0 0.7094260187647639
0.0 0.7060452015248314
0.0 0.702664384284899
0.0 0.6992835670449665
0.0 0.6959027498050341
0.0 0.6925219325651016
0.0 0.6891411153251693
0.0 0.6857602980852369
0.0 0.6824141125984853
0.0 0.6791124536515378
0.0 0.6758553212443945
0.0 0.672642715377055
0.0 0.6694746360495197
0.0 0.6663510832617885
0.0 0.6632720570138614
0.0 0.6602375573057383
0.0 0.6572475841374191
0.0 0.6543021375089041
0.0 0.6513665856670123
0.0 0.6484310338251202
0.0 0.6454954819832283
0.0 0.6425599301413364
0.0 0.6396243782994446
0.0 0.6366888264575528
0.0 0.6337721338138611
0.0 0.6309120187647711
0.0 0.6281084813102825
0.0 0.6253615214503951
0.0 0.6226711391851091
0.0 0.6200373345144243
0.0 0.617460107438341
0.0 0.614939457956859
0.0 0.6124753860699783
0.0 0.610067891777699
0.0 0.6076981158818208
0.0 0.6053283399859424
0.0 0.6029585640900639
0.0 0.6005887881941855
0.0 0.5982190122983071
0.0 0.5958492364024288
0.0 0.5934794605065503
0.0 0.5911299440207982
0.0 0.5888032193714378
0.0 0.5864992865584693
0.0 0.5842181455818927
0.0 0.5819597964417081
0.0 0.5797242391379154
0.0 0.5775114736705145
0.0 0.5753215000395053
0.0 0.5731543182448884
0.0 0.5710099282866631
0.0 0.5688680707547036
0.0 0.5667262132227442
0.0 0.5645843556907847
0.0 0.5624424981588252
0.0 0.5603006406268657
0.0 0.5581587830949063
0.0 0.5560240337469048
0.0 0.5539052778128086
0.0 0.5518025152926179
0.0 0.5497157461863327
0.0 0.5476449704939528
0.0 0.5455901882154783
0.0 0.5435513993509092
0.0 0.5415286039002456
0.0 0.5395218018634874
0.0 0.5375309932406346
0.0 0.5355490698477291
0.0 0.5335671464548237
0.0 0.5315852230619182
0.0 0.5296032996690129
0.0 0.5276213762761075
0.0 0.525639452883202
0.0 0.5236575294902966
0.0 0.5216992063352696
0.0 0.519764483418121
0.0 0.5178533607388508
0.0 0.5159658382974588
0.0 0.5141019160939453
0.0 0.5122615941283102
0.0 0.5104448724005534
0.0 0.5086517509106749
0.0 0.506882229658675
0.0 0.5051363086445534
0.0 0.5033903876304319
0.0 0.5016444666163102
0.0 0.4998985456021885
0.0 0.498152624588067
0.0 0.4964067035739453
0.0 0.49466078255982365
0.0 0.4929395931292343
0.0 0.4912629205490031
0.0 0.4896307648191299
0.0 0.4880431259396149
0.0 0.48650000391045806
0.0 0.4850013987316593
0.0 0.48354731040321863
0.0 0.482137738925136
0.0 0.4807726842974115
0.0 0.47945214652004525
0.0 0.4781513940095046
0.0 0.4768506414989641
0.0 0.47554988898842354
0.0 0.474249136477883
0.0 0.4729483839673425
0.0 0.47164763145680194
0.0 0.4703508724898447
0.0 0.4690900554151375
0.0 0.46786518023268026
0.0 0.4666762469424731
0.0 0.4655232555445159
0.0 0.46440620603880867
0.0 0.4633250984253515
0.0 0.46227993270414425
0.0 0.46127070887518706
0.0 0.4602974269384799
0.0 0.45935609335043937
0.0 0.4584147597623988
0.0 0.4574734261743582
0.0 0.45653209258631766
0.0 0.4555907589982772
0.0 0.4546494254102367
0.0 0.4537080918221961
0.0 0.4527842748061916
0.0 0.45188673264824114
0.0 0.4510154653483448
0.0 0.4501704729065025
0.0 0.4493517553227141
0.0 0.4485593125969799
0.0 0.4477931447292997
0.0 0.4470532517196736
0.0 0.44633963356810147
0.0 0.4456522902745834
0.0 0.4449737052670834
0.0 0.4442951202595834
0.0 0.44361653525208344
0.0 0.4429379502445834
0.0 0.44225936523708337
0.0 0.44158078022958336
0.0 0.440910632730699
0.0 0.44027845402058496
0.0 0.4396842440992411
0.0 0.43912800296666754
0.0 0.4386097306228642
0.0 0.4381294270678311
0.0 0.4376870923015683
0.0 0.4372827263240759
0.0 0.43691632913535366
0.0 0.4365879007354017
0.0 0.4362890036156044
0.0 0.4359901064958071
0.0 0.4356912093760098
0.0 0.43539231225621255
0.0 0.43509341513641525
0.0 0.43479451801661795
0.0 0.43449562089682064
0.0 0.4340736143580744
0.0 0.43349332428067955
0.0 0.43275475066463603
0.0 0.4318578935099438
0.0 0.430802752816603
0.0 0.4295893285846135
0.0 0.4282176208139754
0.0 0.42668762950468864
0.0 0.42499935465675315
0.0 0.42315279627016905
0.0 0.4212710637638853
0.0 0.4193893312576015
0.0 0.4175075987513177
0.0 0.41562586624503395
0.0 0.4137441337387502
0.0 0.4118624012324664
0.0 0.409998030277338
0.0 0.40818574397567586
0.0 0.4064255423274799
0.0 0.40471742533275024
0.0 0.4030613929914867
0.0 0.4014574453036894
0.0 0.39990558226935835
0.0 0.3984058038884934
0.0 0.3969581101610947
0.0 0.3955625010871622
0.0 0.3942016151155407
0.0 0.392840729143919
0.0 0.3914798431722974
0.0 0.3901189572006758
0.0 0.38875807122905415
0.0 0.38739718525743255
0.0 0.38603629928581085
0.0 0.38479638095611124
0.0 0.3836925512235737
0.0 0.38272481008819836
0.0 0.3818931575499851
0.0 0.3811975936089341
0.0 0.38063811826504523
0.0 0.3802147315183184
0.0 0.3799274333687539
0.0 0.37977622381635145
0.0 0.3797611028611112
0.0 0.3797611028611112
0.0 0.3797611028611112
0.0 0.3797611028611112
0.0 0.3797611028611112
0.0 0.3797611028611112
0.0 0.3797611028611112
0.0 0.3797611028611112
0.0 0.3797611028611112
0.0 0.3797611028611112
0.0 0.3797611028611112
0.0 0.3797611028611112
0.0 0.3797611028611112
0.0 0.3797611028611112
0.0 0.3797611028611112
0.0 0.3797611028611112
0.0 0.3797611028611112
0.0 0.3797611028611112
0.0 0.3797611028611112
0.0 0.3797611028611112
0.0 0.3797611028611112
0.0 0.3797611028611112
0.0 0.3797611028611112
0.0 0.3797611028611112
0.0 0.3797611028611112
0.0 0.3797611028611112
0.0 0.3797611028611112
0.0 0.37976128153347605
