0.0 0.4045394570564232
0.0 0.4045394576551904
0.0 0.40453945837371097
0.0 0.404539459211985
0.0 0.4045394601700124
0.0 0.40453946124779333
0.0 0.4045394624453278
0.0 0.4045394636428621
0.0 0.40453946484039643
0.0 0.40453946603793073
0.0 0.404539467235465
0.0 0.4045394684329993
0.0 0.40453946963053367
0.0 0.4045394708572174
0.0 0.4045394721379493
0.0 0.4045394734727291
0.0 0.40453947486155695
0.0 0.40453947630443277
0.0 0.4045394778013567
0.0 0.40453947935232853
0.0 0.4045394809573484
0.0 0.4045394826164163
0.0 0.40453948432953213
0.0 0.4045394860675465
0.0 0.4045394878055609
0.0 0.4045394895435753
0.0 0.4045394912815898
0.0 0.4045394930196041
0.0 0.4045394947576186
0.0 0.4045436138916729
0.0 0.4046000827753784
0.0 0.4047089014087349
0.0 0.40487006979174234
0.0 0.40508358792440086
0.0 0.40534945580671045
0.0 0.4056676734386711
0.0 0.4060382408202828
0.0 0.40646115795154547
0.0 0.4069364248324593
0.0 0.4074599240669841
0.0 0.407983423301509
0.0 0.4085069225360338
0.0 0.4090304217705586
0.0 0.4095539210050835
0.0 0.41007742023960825
0.0 0.41060091947413313
0.0 0.41115809963782024
0.0 0.4117697816686974
0.0 0.4124359655667644
0.0 0.4131566513320212
0.0 0.41393183896446795
0.0 0.4147615284641047
0.0 0.41564571983093135
0.0 0.41658441306494787
0.0 0.4175776081661543
0.0 0.41862530513455065
0.0 0.4196938230409746
0.0 0.4207623409473985
0.0 0.42183085885382254
0.0 0.42289937676024647
0.0 0.4239678946666705
0.0 0.4250364125730945
0.0 0.4261126228860501
0.0 0.42723773492624273
0.0 0.42841174869367243
0.0 0.42963466418833907
0.0 0.4309064814102427
0.0 0.4322272003593835
0.0 0.4335968210357611
0.0 0.4350153434393759
0.0 0.4364827675702276
0.0 0.43799909342831633
0.0 0.4395566286071104
0.0 0.44111416378590446
0.0 0.4426716989646986
0.0 0.4442292341434927
0.0 0.4457867693222868
0.0 0.4473443045010809
0.0 0.4489018396798749
0.0 0.4504920752922292
0.0 0.4521292518495325
0.0 0.45381336935178507
0.0 0.4555444277989868
0.0 0.4573224271911377
0.0 0.4591473675282378
0.0 0.4610192488102871
0.0 0.4629380710372857
0.0 0.4649038342092333
0.0 0.46691653832613017
0.0 0.4689434829544161
0.0 0.470970427582702
0.0 0.4729973722109879
0.0 0.4750243168392739
0.0 0.4770512614675597
0.0 0.47907820609584567
0.0 0.4811159196278368
0.0 0.48319927279933994
0.0 0.48532826561035536
0.0 0.4875028980608829
0.0 0.48972317015092265
0.0 0.4919890818804746
0.0 0.49430063324953866
0.0 0.4966578242581149
0.0 0.4990606549062033
0.0 0.501509125193804
0.0 0.5039924662172116
0.0 0.5064758072406192
0.0 0.5089591482640269
0.0 0.5114424892874345
0.0 0.5139258303108423
0.0 0.5164091713342499
0.0 0.5188925123576577
0.0 0.521362278402107
0.0 0.5238145346910883
0.0 0.5262492812246015
0.0 0.5286665180026466
0.0 0.5310662450252238
0.0 0.5334484622923329
0.0 0.535813169803974
0.0 0.5381603675601471
0.0 0.5404900555608522
0.0 0.5428022338060892
0.0 0.5451104772748165
0.0 0.5474187207435438
0.0 0.5497269642122711
0.0 0.5520352076809985
0.0 0.5543434511497258
0.0 0.5566516946184532
0.0 0.5589595982108657
0.0 0.5612664214821343
0.0 0.5635721644322591
0.0 0.5658768270612401
0.0 0.5681804093690773
0.0 0.5704829113557708
0.0 0.5727843330213205
0.0 0.5750846743657263
0.0 0.5773839353889885
0.0 0.5796821160911065
0.0 0.5819795563483959
0.0 0.5842769966056852
0.0 0.5865744368629746
0.0 0.588871877120264
0.0 0.5911693173775534
0.0 0.5934667576348428
0.0 0.5957641978921322
0.0 0.5980645348725094
0.0 0.6003682640680821
0.0 0.60267538547885
0.0 0.604985899104813
0.0 0.6072998049459712
0.0 0.6096171030023249
0.0 0.6119377932738735
0.0 0.6142618757606175
0.0 0.6165893504625567
0.0 0.618920217379691
0.0 0.6212515797889326
0.0 0.6235829421981741
0.0 0.6259143046074157
0.0 0.6282456670166573
0.0 0.6305770294258989
0.0 0.6329083918351405
0.0 0.635244206684721
0.0 0.6375913434540209
0.0 0.6399498021430399
0.0 0.642319582751778
0.0 0.6447006852802356
0.0 0.6470931097284124
0.0 0.6494968560963084
0.0 0.6519119243839235
0.0 0.6543383145912579
0.0 0.6567760267183114
0.0 0.6592206083247453
0.0 0.6616651899311791
0.0 0.664109771537613
0.0 0.6665543531440469
0.0 0.6689989347504806
0.0 0.6714435163569143
0.0 0.6738880979633481
0.0 0.676284633655082
0.0 0.6786296502334627
0.0 0.6809231476984904
0.0 0.6831651260501651
0.0 0.6853555852884867
0.0 0.6874945254134552
0.0 0.6895819464250708
0.0 0.6916178483233332
0.0 0.6936022311082425
0.0 0.6955350947797987
0.0 0.697464485252702
0.0 0.6993938757256053
0.0 0.7013232661985086
0.0 0.7032526566714119
0.0 0.7051820471443152
0.0 0.7071114376172186
0.0 0.7090172780094607
0.0 0.7108732146593493
0.0 0.7126792475668842
0.0 0.7144353767320658
0.0 0.716141602154894
0.0 0.7177979238353686
0.0 0.7194043417734894
0.0 0.720960855969257
0.0 0.722467466422671
0.0 0.7239241731337316
0.0 0.7253545261830998
0.0 0.726784879232468
0.0 0.7282152322818363
0.0 0.7296455853312046
0.0 0.7310759383805727
0.0 0.732506291429941
0.0 0.7339361683678012
0.0 0.7353236713814492
0.0 0.7366688004708852
0.0 0.7379715556361091
0.0 0.7392319368771207
0.0 0.7404499441939203
0.0 0.7416255775865076
0.0 0.7427588370548829
0.0 0.743849722599046
0.0 0.7448982342189971
0.0 0.745904848026244
0.0 0.7469114618334908
0.0 0.7479180756407376
0.0 0.7489246894479845
0.0 0.7499313032552314
0.0 0.7509379170624784
0.0 0.7519445308697252
0.0 0.7529669608233215
0.0 0.7540181180631446
0.0 0.7550980025891941
0.0 0.7562066144014703
0.0 0.7573439534999732
0.0 0.7585100198847028
0.0 0.7597048135556587
0.0 0.7609283345128415
0.0 0.7621805827562508
0.0 0.7634615582858868
0.0 0.7647554449553999
0.0 0.7660493316249128
0.0 0.767343218294426
0.0 0.7686371049639391
0.0 0.7699309916334521
0.0 0.7712248783029652
0.0 0.7725220534493014
0.0 0.7738558129002941
0.0 0.7752261566559432
0.0 0.7766330847162489
0.0 0.7780765970812111
0.0 0.7795566937508297
0.0 0.7810733747251049
0.0 0.7826266400040365
0.0 0.7842164895876246
0.0 0.7858429234758693
0.0 0.7875026531919475
0.0 0.7891623829080257
0.0 0.7908221126241037
0.0 0.7924818423401818
0.0 0.7941415720562599
0.0 0.7958013017723381
0.0 0.7974610314884161
0.0 0.7991781900337105
0.0 0.8009866193968663
0.0 0.8028863195778837
0.0 0.8048772905767625
0.0 0.8069595323935028
0.0 0.8091330450281048
0.0 0.8113978284805682
0.0 0.8137538827508931
0.0 0.8162012078390796
0.0 0.8187398037451274
0.0 0.8213122416398209
0.0 0.823884679534514
0.0 0.8264571174292071
0.0 0.8290295553239004
0.0 0.8316019932185936
0.0 0.8341744311132868
0.0 0.8367569967461188
0.0 0.839399653625241
0.0 0.8421024017506533
0.0 0.844865241122356
0.0 0.8476881717403486
0.0 0.8505711936046315
0.0 0.8535143067152046
0.0 0.8565175110720677
0.0 0.8595808066752213
0.0 0.8627041935246649
0.0 0.8658775438822599
0.0 0.8690508942398549
0.0 0.8722242445974498
0.0 0.8753975949550448
0.0 0.8785709453126399
0.0 0.8817442956702348
0.0 0.88491764602783
0.0 0.8881113078918768
0.0 0.8913336637888477
0.0 0.8945847137187428
0.0 0.897864457681562
0.0 0.9011728956773052
0.0 0.9045100277059723
0.0 0.9078758537675637
0.0 0.9112703738620791
0.0 0.9146935879895187
0.0 0.9181454961498822
0.0 0.9216057868367181
0.0 0.9250660775235537
0.0 0.9285263682103896
0.0 0.9319866588972254
0.0 0.9354469495840613
0.0 0.9389072402708971
0.0 0.9423571235483079
0.0 0.9457649041239541
0.0 0.9491305819978357
0.0 0.9524541571699527
0.0 0.9557356296403053
0.0 0.9589749994088933
0.0 0.9621722664757167
0.0 0.9653274308407754
0.0 0.9684404925040697
0.0 0.9715114514655994
0.0 0.9745507151347894
0.0 0.9775899788039795
0.0 0.9806292424731694
0.0 0.9836685061423595
0.0 0.9867077698115495
0.0 0.9897470334807394
0.0 0.9927862971499295
0.0 0.9957856084316025
0.0 0.9987341231062898
0.0 1.0016318411739913
0.0 1.0044787626347071
0.0 1.0072748874884374
0.0 1.010020215735182
0.0 1.0127147473749405
0.0 1.0153584824077133
0.0 1.0179514208335005
0.0 1.020493562652302
0.0 1.0230248602516347
0.0 1.025556157850967
0.0 1.0280874554502997
0.0 1.0306187530496325
0.0 1.0331500506489648
0.0 1.0356813482482976
0.0 1.0382147448804266
0.0 1.040754583371828
0.0 1.0433008637225007
0.0 1.045853585932446
0.0 1.0484127500016633
0.0 1.0509783559301527
0.0 1.0535504037179142
0.0 1.0561288933649475
0.0 1.058713824871253
0.0 1.0613051982368304
0.0 1.0639009144288836
0.0 1.0664966306209367
0.0 1.0690923468129898
0.0 1.071688063005043
0.0 1.074283779197096
0.0 1.0768794953891492
0.0 1.0794752115812023
0.0 1.082106837963005
0.0 1.0847799709277652
0.0 1.0874946104754826
0.0 1.0902507566061574
0.0 1.0930484093197896
0.0 1.0958875686163794
0.0 1.0987682344959262
0.0 1.1016904069584306
0.0 1.1046540860038925
0.0 1.1076592716323115
0.0 1.1106700536539384
0.0 1.1136808356755652
0.0 1.1166916176971922
0.0 1.119702399718819
0.0 1.1227131817404459
0.0 1.1257239637620726
0.0 1.1287411174716993
0.0 1.1317740234099931
0.0 1.1348226815769535
0.0 1.1378870919725803
0.0 1.1409672545968736
0.0 1.144063169449834
0.0 1.1471748365314607
0.0 1.1503022558417542
0.0 1.1534454273807144
0.0 1.1566043511483413
0.0 1.1597726554566348
0.0 1.1629409597649283
0.0 1.1661092640732216
0.0 1.169277568381515
0.0 1.1724458726898086
0.0 1.1756141769981023
0.0 1.1787824813063956
0.0 1.181959850306721
0.0 1.18514682356408
0.0 1.188343401078473
0.0 1.1915495828498996
0.0 1.19476536887836
0.0 1.197990759163854
0.0 1.2012257537063817
0.0 1.2044703525059435
0.0 1.2077245555625389
0.0 1.2109883628761682
0.0 1.214252709754799
0.0 1.2175170566334301
0.0 1.220781403512061
0.0 1.2240457503906923
0.0 1.2273100972693232
0.0 1.2305744441479542
0.0 1.2338360969039657
0.0 1.2370921734526945
0.0 1.2403426737941408
0.0 1.2435875979283044
0.0 1.246826945855186
0.0 1.2500607175747847
0.0 1.253288913087101
0.0 1.2565115323921348
0.0 1.259728575489886
0.0 1.2629400423803547
0.0 1.2661486271861606
0.0 1.2693572119919665
0.0 1.2725657967977724
0.0 1.275774381603578
0.0 1.2789829664093841
0.0 1.2821915512151898
0.0 1.2853989124623517
0.0 1.2885518253498525
0.0 1.2916502898776923
0.0 1.2946943060458715
0.0 1.2976838738543897
0.0 1.300618993303247
0.0 1.3034996643924432
0.0 1.3063258871219787
0.0 1.3090976614918532
0.0 1.311814987502067
0.0 1.3144790887112636
0.0 1.3171431899204604
0.0 1.3198072911296572
0.0 1.3224713923388542
0.0 1.325135493548051
0.0 1.3277995947572478
0.0 1.3304636959664449
0.0 1.333124620043385
0.0 1.3357798888249093
0.0 1.3384295023110169
0.0 1.3410734605017085
0.0 1.343711763396984
0.0 1.346344410996843
0.0 1.3489714033012858
0.0 1.351592740310312
0.0 1.354208422023922
0.0 1.3568184484421157
0.0 1.3594259966971496
0.0 1.3620335449521832
0.0 1.3646410932072168
0.0 1.3672486414622507
0.0 1.3698561897172843
0.0 1.3724637379723181
0.0 1.3750692339101702
0.0 1.377654434711449
0.0 1.3802193403761545
0.0 1.3827639509042866
0.0 1.3852882662958454
0.0 1.3877922865508319
0.0 1.390276011669244
0.0 1.3927394416510832
0.0 1.3951825764963488
0.0 1.3976054162050413
0.0 1.400010013094342
0.0 1.4024146099836428
0.0 1.4048192068729433
0.0 1.407223803762244
0.0 1.409628400651545
0.0 1.4120329975408454
0.0 1.4144375944301462
0.0 1.4168216810741077
0.0 1.41917374294903
0.0 1.4214937800549134
0.0 1.4237817923917582
0.0 1.4260377799595638
0.0 1.4282617427583313
0.0 1.4304536807880595
0.0 1.432613594048749
0.0 1.4347414825403995
0.0 1.436837346263011
0.0 1.4389216954619237
0.0 1.441006044660836
0.0 1.4430903938597484
0.0 1.445174743058661
0.0 1.447259092257573
0.0 1.4493434414564854
0.0 1.4514297228783675
0.0 1.4535267522905189
0.0 1.4556345296929396
0.0 1.4577530550856292
0.0 1.459882328468588
0.0 1.462022349841816
0.0 1.464173119205313
0.0 1.4663346365590795
0.0 1.468506901903115
0.0 1.4706899152374195
0.0 1.4728817443390236
0.0 1.475073573440628
0.0 1.477265402542232
0.0 1.4794572316438361
0.0 1.48164906074544
0.0 1.483840889847044
0.0 1.4860327189486484
0.0 1.4882283315623526
0.0 1.4904292056225712
0.0 1.4926353411293036
0.0 1.4948467380825503
0.0 1.4970633964823115
0.0 1.4992853163285869
0.0 1.5015124976213765
0.0 1.5037449403606802
0.0 1.5059826445464983
0.0 1.5082256101788305
0.0 1.5104700537455769
0.0 1.512714497312323
0.0 1.5149589408790693
0.0 1.5172033844458157
0.0 1.519447828012562
0.0 1.5216922715793082
0.0 1.523921575012901
0.0 1.5260922927138558
0.0 1.528204424682172
0.0 1.5302579709178505
0.0 1.5322529314208908
0.0 1.5341893061912928
0.0 1.5360670952290574
0.0 1.5378862985341832
0.0 1.5396469161066715
0.0 1.5413489479465214
0.0 1.543007534186887
0.0 1.5446661204272527
0.0 1.5463247066676182
0.0 1.5479832929079835
0.0 1.549641879148349
0.0 1.5513004653887146
0.0 1.5529590516290803
0.0 1.5546216185092219
0.0 1.5562891752054204
0.0 1.5579617217176764
0.0 1.5596392580459897
0.0 1.5613217841903597
0.0 1.5630093001507872
0.0 1.564701805927272
0.0 1.5663993015198137
0.0 1.5681017869284128
0.0 1.5698092621530688
0.0 1.5715177465540064
0.0 1.5732262309549438
0.0 1.5749347153558813
0.0 1.5766431997568187
0.0 1.578351684157756
0.0 1.5800601685586935
0.0 1.5817738763017628
0.0 1.5835030799598238
0.0 1.585247779532876
0.0 1.58700797502092
0.0 1.5887836664239554
0.0 1.5905748537419824
0.0 1.5923815369750007
0.0 1.594203716123011
0.0 1.5960413911860125
0.0 1.5978945621640053
0.0 1.599758005714858
0.0 1.6016214492657104
0.0 1.6034848928165628
0.0 1.605348336367415
0.0 1.607211779918268
0.0 1.6090752234691204
0.0 1.610938667019973
0.0 1.6127848375437082
0.0 1.6146112991006047
0.0 1.616418051690662
0.0 1.618205095313881
0.0 1.6199724299702607
0.0 1.6217200556598022
0.0 1.6234479723825044
0.0 1.6251561801383678
0.0 1.6268446789273925
0.0 1.6285134687495781
0.0 1.6301798226320425
0.0 1.6318461765145065
0.0 1.6335125303969706
0.0 1.6351788842794348
0.0 1.6368452381618988
0.0 1.6385115920443634
0.0 1.640174344595753
0.0 1.64182843448591
0.0 1.6434738617148341
0.0 1.6451106262825255
0.0 1.6467387281889838
0.0 1.6483581674342094
0.0 1.6499689440182022
0.0 1.651571057940962
0.0 1.6531645092024891
0.0 1.6547492978027833
0.0 1.656329025072919
0.0 1.6579087523430547
0.0 1.6594884796131906
0.0 1.6610682068833267
0.0 1.6626479341534623
0.0 1.6642276614235985
0.0 1.6658073886937343
0.0 1.667380114569589
0.0 1.6689455095737846
0.0 1.6705035737063216
0.0 1.6720543069671994
0.0 1.6735977093564183
0.0 1.6751337808739786
0.0 1.6766625215198796
0.0 1.678183931294122
0.0 1.6796980101967052
0.0 1.6812047582276297
0.0 1.6827111767811762
0.0 1.6842175953347223
0.0 1.6857240138882692
0.0 1.6872304324418155
0.0 1.6887368509953617
0.0 1.6902432695489082
0.0 1.6917334374387614
0.0 1.693190734667962
0.0 1.6946151612365108
0.0 1.6960067171444067
0.0 1.6973654023916507
0.0 1.6986912169782422
0.0 1.6999841609041813
0.0 1.7012442341694682
0.0 1.7024714367741025
0.0 1.7036657687180847
0.0 1.704843480665108
0.0 1.7060211926121314
0.0 1.7071989045591542
0.0 1.7083766165061776
0.0 1.7095543284532007
0.0 1.7107320404002238
0.0 1.7119090386171023
0.0 1.7130648628396878
0.0 1.71419951306798
0.0 1.7153129893019792
0.0 1.7164052915416854
0.0 1.7174764197870984
0.0 1.7185263740382184
0.0 1.7195551542950456
0.0 1.7205627605575797
0.0 1.7215491928258204
0.0 1.722515164829913
0.0 1.7234811368340055
0.0 1.7244471088380982
0.0 1.7254130808421908
0.0 1.7263790528462835
0.0 1.7273450248503757
0.0 1.7283109968544683
0.0 1.7292672358833654
0.0 1.7302064899163332
0.0 1.7311287589533717
0.0 1.732034042994481
0.0 1.732922342039661
0.0 1.7337936560889113
0.0 1.7346479851422325
0.0 1.7354853291996244
0.0 1.7363056882610868
0.0 1.73710906232662
0.0 1.7379051843714195
0.0 1.738701306416219
0.0 1.739497428461018
0.0 1.7402935505058177
0.0 1.7410896725506166
0.0 1.741885794595416
0.0 1.7426782279498045
0.0 1.743437831959534
0.0 1.7441646066246055
0.0 1.744858551945018
0.0 1.7455196679207723
0.0 1.7461479545518679
0.0 1.7467434118383045
0.0 1.747306039780083
0.0 1.7478358383772026
0.0 1.748332807629664
0.0 1.748800636227878
0.0 1.749268464826092
0.0 1.749736293424306
0.0 1.75020412202252
0.0 1.7506719506207338
0.0 1.7511397792189478
0.0 1.7516076078171618
0.0 1.752054289197626
0.0 1.752468520537061
0.0 1.7528503018354662
0.0 1.753199633092842
0.0 1.7535165143091884
0.0 1.753800945484505
0.0 1.754052926618792
0.0 1.75427245771205
0.0 1.7544595387642783
0.0 1.7546141697754774
0.0 1.754757497963396
0.0 1.7549008261513146
0.0 1.7550441543392337
0.0 1.7551874825271525
0.0 1.7553308107150714
0.0 1.7554741389029902
0.0 1.7556101452425408
0.0 1.755707819552399
0.0 1.7557671618325648
0.0 1.7557881720830382
0.0 1.755770850303819
0.0 1.7557151964949074
0.0 1.7556212106563034
0.0 1.7554888927880068
0.0 1.7553182428900178
0.0 1.7551092609623362
0.0 1.7548692688533305
0.0 1.7546292767443248
0.0 1.754389284635319
0.0 1.7541492925263134
0.0 1.7539093004173076
0.0 1.753669308308302
0.0 1.7534293161992962
0.0 1.7531588420819126
0.0 1.7528466310607496
0.0 1.7524926831358074
0.0 1.752096998307086
0.0 1.7516595765745853
0.0 1.7511804179383055
0.0 1.7506595223982464
0.0 1.7500968899544078
0.0 1.7494925206067902
0.0 1.7488464143553937
0.0 1.7481890532085955
0.0 1.747531692061798
0.0 1.746874330915
0.0 1.746216969768202
0.0 1.7455596086214045
0.0 1.7449022474746065
0.0 1.7442368614963235
0.0 1.7435417167679517
0.0 1.742816813289489
0.0 1.7420621510609373
0.0 1.7412777300822957
0.0 1.7404635503535641
0.0 1.7396196118747431
0.0 1.7387459146458322
0.0 1.7378424586668317
0.0 1.7369092439377414
0.0 1.7359542952900462
0.0 1.734999346642351
0.0 1.7340443979946563
0.0 1.733089449346961
0.0 1.7321345006992659
0.0 1.731179552051571
0.0 1.730224603403876
0.0 1.7292580460985916
0.0 1.7282771392026768
0.0 1.7272818827161305
0.0 1.7262722766389533
0.0 1.7252483209711453
0.0 1.7242100157127065
0.0 1.7231573608636368
0.0 1.722090356423936
0.0 1.721009002393604
0.0 1.719913298772641
0.0 1.7188148542186368
0.0 1.7177164096646322
0.0 1.7166179651106277
0.0 1.7155195205566232
0.0 1.7144210760026186
0.0 1.713322631448614
0.0 1.7122204277614959
0.0 1.7111074317244694
0.0 1.7099836433375355
0.0 1.7088490626006942
0.0 1.7077036895139446
0.0 1.7065475240772878
0.0 1.7053805662907233
0.0 1.7042028161542508
0.0 1.7030142736678708
0.0 1.701814938831583
0.0 1.7006085707785017
0.0 1.69940220272542
0.0 1.6981958346723385
0.0 1.6969894666192569
0.0 1.6957830985661753
0.0 1.6945767305130939
0.0 1.6933703624600123
0.0 1.6921559512425137
0.0 1.6909324787385196
0.0 1.6896999449480303
0.0 1.6884583498710461
0.0 1.6872076935075664
0.0 1.6859479758575913
0.0 1.684679196921121
0.0 1.6834013566981558
0.0 1.682114455188695
0.0 1.680818492392739
0.0 1.6795215114747049
0.0 1.6782245305566705
0.0 1.6769275496386367
0.0 1.6756305687206021
0.0 1.674333587802568
0.0 1.673036606884534
0.0 1.6717318743071798
0.0 1.6704089865277343
0.0 1.669067943546197
0.0 1.6677087453625683
0.0 1.6663313919768479
0.0 1.6649358833890362
0.0 1.6635222195991328
0.0 1.662090400607138
0.0 1.6606404264130514
0.0 1.6591722970168736
0.0 1.657693764077924
0.0 1.6562152311389744
0.0 1.6547366982000251
0.0 1.6532581652610752
0.0 1.6517796323221257
0.0 1.6503010993831762
0.0 1.6488225664442266
0.0 1.6473352620940562
0.0 1.6458388803532027
0.0 1.644333421221667
0.0 1.642818884699449
0.0 1.6412952707865482
0.0 1.6397625794829653
0.0 1.6382208107886995
0.0 1.636669964703752
0.0 1.6351100412281216
0.0 1.6335410403618085
0.0 1.6319717335160346
0.0 1.6304024266702608
0.0 1.6288331198244868
0.0 1.6272638129787127
0.0 1.6256945061329384
0.0 1.6241251992871646
0.0 1.622560548020797
0.0 1.6210051044559213
0.0 1.6194588685925377
0.0 1.6179218404306461
0.0 1.616394019970247
0.0 1.6148754072113398
0.0 1.613366002153925
0.0 1.6118658047980021
0.0 1.6103748151435715
0.0 1.6088930331906333
0.0 1.6074158033597807
0.0 1.605938573528928
0.0 1.6044613436980755
0.0 1.602984113867223
0.0 1.6015068840363706
0.0 1.6000296542055181
0.0 1.598552315103428
0.0 1.5970725447162937
0.0 1.5955903430441156
0.0 1.594105710086894
0.0 1.5926186458446285
0.0 1.5911291503173193
0.0 1.589637223504966
0.0 1.5881428654075695
0.0 1.5866460760251289
0.0 1.5851468553576447
0.0 1.5836453126763548
0.0 1.5821437699950647
0.0 1.5806422273137744
0.0 1.5791406846324845
0.0 1.5776391419511941
0.0 1.576137599269904
0.0 1.5746360565886137
0.0 1.5731309058131275
0.0 1.5716195796456518
0.0 1.5701020780861863
0.0 1.568578401134732
0.0 1.5670485487912875
0.0 1.5655125210558536
0.0 1.56397031792843
0.0 1.5624219394090169
0.0 1.5608673854976143
0.0 1.5593066561942224
0.0 1.5577433595930372
0.0 1.5561800629918516
0.0 1.554616766390666
0.0 1.5530534697894807
0.0 1.551490173188295
0.0 1.54992687658711
0.0 1.5483645285567527
0.0 1.5468098553267313
0.0 1.5452628568970461
0.0 1.543723533267697
0.0 1.5421918844386842
0.0 1.5406679104100074
0.0 1.5391516111816672
0.0 1.537642986753663
0.0 1.5361420371259946
0.0 1.5346487622986624
0.0 1.5331622137008383
0.0 1.5316756651030143
0.0 1.5301891165051904
0.0 1.5287025679073662
0.0 1.5272160193095423
0.0 1.5257294707117184
0.0 1.5242429221138942
0.0 1.5227633869678916
0.0 1.5212944314356536
0.0 1.5198360555171802
0.0 1.5183882592124713
0.0 1.5169510425215271
0.0 1.5155244054443473
0.0 1.5141083479809323
0.0 1.5127028701312817
0.0 1.5113079718953961
0.0 1.5099236532732747
0.0 1.5085429008130964
0.0 1.507162148352918
0.0 1.5057813958927402
0.0 1.504400643432562
0.0 1.5030198909723838
0.0 1.5016391385122057
0.0 1.5002600180206238
0.0 1.4988889667071028
0.0 1.4975259845716429
0.0 1.496171071614244
0.0 1.4948242278349058
0.0 1.4934854532336286
0.0 1.4921547478104127
0.0 1.4908321115652572
0.0 1.489517544498163
0.0 1.4882110466091294
0.0 1.4869109859295602
0.0 1.4856109252499907
0.0 1.4843108645704215
0.0 1.4830108038908525
0.0 1.4817107432112833
0.0 1.4804106825317138
0.0 1.4791106218521448
0.0 1.47779524395808
0.0 1.4764592110323471
0.0 1.4751025230749457
0.0 1.4737251800858762
0.0 1.4723271820651382
0.0 1.4709085290127322
0.0 1.469469220928658
0.0 1.4680092578129154
0.0 1.4665286396655046
0.0 1.4650273664864255
0.0 1.4635207554901735
0.0 1.4620141444939219
0.0 1.4605075334976703
0.0 1.4590009225014182
0.0 1.4574943115051664
0.0 1.4559877005089144
0.0 1.454482255306131
0.0 1.452980960328093
0.0 1.451483815574801
0.0 1.449990821046255
0.0 1.448501976742455
0.0 1.4470172826634007
0.0 1.4455367388090923
0.0 1.44406034517953
0.0 1.4425881017747133
0.0 1.441120008594643
0.0 1.4396548998458503
0.0 1.4381897910970576
0.0 1.436724682348265
0.0 1.4352595735994722
0.0 1.4337944648506795
0.0 1.4323293561018873
0.0 1.4308642473530948
0.0 1.4294466591291177
0.0 1.4280870068874503
0.0 1.4267852906280918
0.0 1.425541510351043
0.0 1.4243556660563035
0.0 1.4232277577438734
0.0 1.4221577854137526
0.0 1.4211457490659412
0.0 1.4201916487004387
0.0 1.419295484317246
0.0 1.4184097353915472
0.0 1.4175239864658487
0.0 1.4166382375401496
0.0 1.4157524886144506
0.0 1.4148667396887515
0.0 1.4139809907630525
0.0 1.4130735468869589
0.0 1.4121057639300783
0.0 1.4110776418924114
0.0 1.4099891807739575
0.0 1.4088403805747174
0.0 1.4076312412946907
0.0 1.4063617629338778
0.0 1.4050319454922784
0.0 1.4036417889698924
0.0 1.40219129336672
0.0 1.400702153633156
0.0 1.3992130138995922
0.0 1.3977238741660283
0.0 1.3962347344324646
0.0 1.3947455946989007
0.0 1.3932564549653368
0.0 1.3917673152317727
0.0 1.3901686409537233
0.0 1.388448109494934
0.0 1.3866057208554048
0.0 1.3846414750351355
0.0 1.3825553720341264
0.0 1.3803474118523769
0.0 1.3780175944898874
0.0 1.375565919946658
0.0 1.3729923882226887
0.0 1.3702969993179794
0.0 1.3675892877770153
0.0 1.3648815762360513
0.0 1.3621738646950874
0.0 1.3594661531541234
0.0 1.3567584416131595
0.0 1.3540507300721953
0.0 1.3513330135329777
0.0 1.3485924650746683
0.0 1.3458290846972671
0.0 1.3430428724007744
0.0 1.3402338281851898
0.0 1.337401952050513
0.0 1.3345472439967447
0.0 1.3316697040238843
0.0 1.3287693321319323
0.0 1.3258461283208889
0.0 1.3229100975890071
0.0 1.3199740668571256
0.0 1.317038036125244
0.0 1.3141020053933623
0.0 1.3111659746614805
0.0 1.308229943929599
0.0 1.3052939131977173
0.0 1.3023021097583651
0.0 1.2992532514803359
0.0 1.2961473383636302
0.0 1.292984370408248
0.0 1.2897643476141885
0.0 1.2864872699814527
0.0 1.2831531375100398
0.0 1.2797619501999502
0.0 1.276313708051184
0.0 1.2728084110637408
0.0 1.2693018319450915
0.0 1.2657952528264425
0.0 1.2622886737077934
0.0 1.258782094589144
0.0 1.2552755154704944
0.0 1.2517689363518454
0.0 1.2482019198295193
0.0 1.2445179700696452
0.0 1.2407170870722222
0.0 1.2367992708372504
0.0 1.2327645213647305
0.0 1.2286128386546622
0.0 1.2243442227070451
0.0 1.2199586735218797
0.0 1.2154561910991655
0.0 1.210836775438903
0.0 1.2061608639447687
0.0 1.2014849524506346
0.0 1.1968090409565004
0.0 1.1921331294623663
0.0 1.187457217968232
0.0 1.1827813064740975
0.0 1.1781062060327947
0.0 1.173445542331888
0.0 1.1687993153713772
0.0 1.1641675251512629
0.0 1.1595501716715448
0.0 1.1549472549322228
0.0 1.1503587749332969
0.0 1.1457847316747674
0.0 1.141225125156634
0.0 1.1366799553788969
0.0 1.1321484112887248
0.0 1.1276168671985527
0.0 1.1230853231083804
0.0 1.118553779018208
0.0 1.114022234928036
0.0 1.109490690837864
0.0 1.1049591467476916
0.0 1.1004645569152494
0.0 1.0960320223457876
0.0 1.0916615430393064
0.0 1.0873531189958052
0.0 1.0831067502152845
0.0 1.0789224366977446
0.0 1.0748001784431849
0.0 1.0707399754516058
0.0 1.0667418277230072
0.0 1.0628057352573888
0.0 1.0588947437970209
0.0 1.054983752336653
0.0 1.051072760876285
0.0 1.0471617694159172
0.0 1.0432507779555493
0.0 1.0393397864951814
0.0 1.035430795313836
0.0 1.0315366395352412
0.0 1.0276573191593967
0.0 1.0237928341863027
0.0 1.019943184615959
0.0 1.0161083704483658
0.0 1.0122883916835228
0.0 1.0084832483214303
0.0 1.0046929403620883
0.0 1.0009174678054966
0.0 0.9971548303726328
0.0 0.9933921929397689
0.0 0.9896295555069051
0.0 0.985866918074041
0.0 0.9821042806411773
0.0 0.9783416432083134
0.0 0.9745790057754498
0.0 0.9708458131285291
0.0 0.9671562969140908
0.0 0.9635104571321347
0.0 0.9599082937826607
0.0 0.9563498068656692
0.0 0.9528349963811598
0.0 0.9493638623291327
0.0 0.945936404709588
0.0 0.9425526235225254
0.0 0.9392125187679454
0.0 0.9358866456599045
0.0 0.9325607725518635
0.0 0.9292348994438226
0.0 0.9259090263357819
0.0 0.9225831532277409
0.0 0.9192572801196998
0.0 0.9159403939533373
0.0 0.9126656045137851
0.0 0.9094329118010429
0.0 0.906242315815111
0.0 0.9030938165559894
0.0 0.8999874140236778
0.0 0.8969231082181762
0.0 0.8939008991394849
0.0 0.8909207867876039
0.0 0.8879827711625331
0.0 0.8850778653225937
0.0 0.8821729594826545
0.0 0.8792680536427151
0.0 0.8763631478027758
0.0 0.8734582419628365
0.0 0.8705533361228971
0.0 0.8676484302829577
0.0 0.8647607910731685
0.0 0.8618960881332802
0.0 0.8590543214632925
0.0 0.856235491063206
0.0 0.8534395969330202
0.0 0.8506666390727354
0.0 0.8479166174823516
0.0 0.8451895321618683
0.0 0.8424853831112862
0.0 0.8398041703306047
0.0 0.8371286271896741
0.0 0.8344530840487434
0.0 0.8317775409078129
0.0 0.8291019977668823
0.0 0.8264264546259515
0.0 0.823750911485021
0.0 0.8210823672357188
0.0 0.8184377807308367
0.0 0.815817151970375
0.0 0.8132204809543332
0.0 0.8106477676827117
0.0 0.8080990121555104
0.0 0.8055742143727291
0.0 0.8030733743343681
0.0 0.8005964920404273
0.0 0.7981435674909066
0.0 0.7957076017941778
0.0 0.7932716360974489
0.0 0.7908356704007199
0.0 0.7883997047039911
0.0 0.7859637390072622
0.0 0.7835277733105335
0.0 0.7810918076138046
0.0 0.7786763654837194
0.0 0.7762856071027056
0.0 0.7739195324707631
0.0 0.771578141587892
0.0 0.7692614344540922
0.0 0.7669694110693638
0.0 0.7647020714337066
0.0 0.7624594155471209
0.0 0.7602414434096066
0.0 0.7580481550211636
0.0 0.7558590268151484
0.0 0.7536698986091332
0.0 0.7514807704031181
0.0 0.749291642197103
0.0 0.7471025139910877
0.0 0.7449133857850726
0.0 0.7427337082366385
0.0 0.7405795188253171
0.0 0.7384508175511084
0.0 0.7363476044140125
0.0 0.7342698794140292
0.0 0.7322176425511586
0.0 0.7301908938254007
0.0 0.7281896332367558
0.0 0.7262138607852234
0.0 0.7242635764708039
0.0 0.7223293296359156
0.0 0.7203950828010275
0.0 0.7184608359661393
0.0 0.7165265891312512
0.0 0.7145923422963631
0.0 0.712658095461475
0.0 0.7107238486265868
0.0 0.7088077426592319
0.0 0.7069115692500304
0.0 0.7050353283989826
0.0 0.7031790201060886
0.0 0.7013426443713484
0.0 0.6995262011947617
0.0 0.6977296905763286
0.0 0.6959531125160492
0.0 0.6941964670139235
0.0 0.6924597540699514
0.0 0.6907248328165998
0.0 0.6889899115632483
0.0 0.6872549903098968
0.0 0.6855200690565453
0.0 0.6837851478031938
0.0 0.6820502265498422
0.0 0.68031532805643
0.0 0.6785804802038828
0.0 0.6768456829922006
0.0 0.6751109364213833
0.0 0.6733762404914312
0.0 0.6716415952023441
0.0 0.6699070005541218
0.0 0.6681724565467645
0.0 0.6664379631802724
0.0 0.6647035204546452
0.0 0.6629691056099435
0.0 0.6612346907652419
0.0 0.6595002759205404
0.0 0.6577658610758389
0.0 0.6560314462311373
0.0 0.6542970313864357
0.0 0.6525626165417341
0.0 0.6508083379617727
0.0 0.6490339699222873
0.0 0.6472395124232778
0.0 0.6454249654647444
0.0 0.6435903290466868
0.0 0.641735603169105
0.0 0.6398607878319993
0.0 0.6379658830353692
0.0 0.6360508887792152
0.0 0.6341158050635373
0.0 0.632180495623595
0.0 0.6302451861836527
0.0 0.6283098767437103
0.0 0.626374567303768
0.0 0.6244392578638256
0.0 0.6225039484238832
0.0 0.6205522255230599
0.0 0.6185694218133339
0.0 0.6165555372947055
0.0 0.6145105719671746
0.0 0.6124345258307413
0.0 0.6103273988854057
0.0 0.6081891911311674
0.0 0.6060199025680267
0.0 0.6038195331959836
0.0 0.6015880830150379
0.0 0.5993419654860709
0.0 0.5970958479571039
0.0 0.5948497304281368
0.0 0.5926036128991699
0.0 0.5903574953702028
0.0 0.5881113778412358
0.0 0.5858626197272325
0.0 0.5835746929351927
0.0 0.5812475974651162
0.0 0.5788813333170032
0.0 0.5764759004908535
0.0 0.5740312989866672
0.0 0.5715475288044441
0.0 0.5690245899441846
0.0 0.5664624824058883
0.0 0.5638612061895554
0.0 0.561223401880222
0.0 0.5585855975708887
0.0 0.5559477932615553
0.0 0.5533099889522219
0.0 0.5506721846428886
0.0 0.5480343803335551
0.0 0.5453965760242219
0.0 0.5427564973989568
0.0 0.5401126703641006
0.0 0.5374650949196531
0.0 0.5348137710656145
0.0 0.5321586988019845
0.0 0.5294998781287634
0.0 0.5268373090459512
0.0 0.5241709915535476
0.0 0.5215009256515529
0.0 0.518827111339967
0.0 0.5161518229347216
0.0 0.5134765345294762
0.0 0.510801246124231
0.0 0.5081259577189856
0.0 0.5054506693137404
0.0 0.5027753809084949
0.0 0.5001076412532809
0.0 0.49749158150212747
0.0 0.4949272016550347
0.0 0.4924145017120024
0.0 0.4899534816730307
0.0 0.4875441415381197
0.0 0.48518648130726927
0.0 0.4828805009804794
0.0 0.48062620055775024
0.0 0.4784235800390817
0.0 0.4762650906744422
0.0 0.4741066013098029
0.0 0.4719481119451635
0.0 0.46978962258052415
0.0 0.4676311332158848
0.0 0.4654726438512454
0.0 0.4633141544866061
0.0 0.46120109227153466
0.0 0.4591543090123902
0.0 0.4571738047091727
0.0 0.4552595793618821
0.0 0.45341163297051845
0.0 0.4516299655350819
0.0 0.44991457705557225
0.0 0.44826546753198965
0.0 0.4466826369643339
0.0 0.44516608535260516
0.0 0.4436703855472354
0.0 0.4421746857418657
0.0 0.440678985936496
0.0 0.4391832861311262
0.0 0.4376875863257565
0.0 0.43619188652038676
0.0 0.4347099323530587
0.0 0.4332891462750163
0.0 0.4319295282862596
0.0 0.43063107838678844
0.0 0.4293937965766029
0.0 0.42821768285570305
0.0 0.4271027372240888
0.0 0.42604895968176015
0.0 0.42505635022871724
0.0 0.4241249088649598
0.0 0.42324088995244635
0.0 0.4223568710399329
0.0 0.4214728521274194
0.0 0.4205888332149059
0.0 0.4197048143023925
0.0 0.41882079538987904
0.0 0.41793677647736555
0.0 0.41709550991332667
0.0 0.41631019862890867
0.0 0.4155808426241117
0.0 0.4149074418989358
0.0 0.41428999645338077
0.0 0.4137285062874468
0.0 0.41322297140113395
0.0 0.41277339179444195
0.0 0.41237976746737104
0.0 0.4120420984199212
0.0 0.4117176323036178
0.0 0.41139316618731436
0.0 0.411068700071011
0.0 0.41074423395470766
0.0 0.4104197678384043
0.0 0.4100953017221009
0.0 0.4097806789598876
0.0 0.4094985028093047
0.0 0.40924877327035214
0.0 0.4090314903430299
0.0 0.40884665402733794
0.0 0.4086942643232764
0.0 0.40857432123084514
0.0 0.4084868247500442
0.0 0.4084317748808737
0.0 0.4084091716233334
0.0 0.4084091716233334
0.0 0.4084091716233334
0.0 0.4084091716233334
0.0 0.4084091716233334
0.0 0.4084091716233334
0.0 0.4084091716233334
0.0 0.4084091716233334
0.0 0.40840017986628563
0.0 0.4083805178908745
0.0 0.40835018569709997
0.0 0.4083091832849621
0.0 0.4082575106544608
0.0 0.40819516780559617
0.0 0.40812215473836816
0.0 0.4080384714527768
0.0 0.407944117948822
0.0 0.407839094226504
0.0 0.4077323920428703
0.0 0.4076256898592367
0.0 0.407518987675603
0.0 0.4074122854919693
0.0 0.4073055833083356
0.0 0.40719888112470193
0.0 0.4070919446071192
0.0 0.40698439468596403
0.0 0.4068762313612364
0.0 0.40676745463293634
0.0 0.4066580645010637
0.0 0.4065480609656187
0.0 0.4064374440266011
0.0 0.4063262136840111
0.0 0.40621436993784865
0.0 0.40610191278811375
0.0 0.4059890765687554
0.0 0.405876240349397
0.0 0.40576340413003864
0.0 0.40565056791068027
0.0 0.4055377316913219
0.0 0.4054248954719636
0.0 0.4053120592526052
0.0 0.40520818647055484
0.0 0.40511404229729
0.0 0.4050296267328107
0.0 0.4049549397771169
0.0 0.4048899814302086
0.0 0.40483475169208577
0.0 0.40478925056274856
0.0 0.4047534780421968
0.0 0.4047274341304305
0.0 0.4047111188274497
0.0 0.4046955686959466
0.0 0.4046800185644433
0.0 0.4046644684329401
0.0 0.4046489183014369
0.0 0.40463336816993367
0.0 0.4046178180384304
0.0 0.40460298426129976
0.0 0.40458970549731954
0.0 0.40457798174648957
0.0 0.40456781300880995
0.0 0.40455919928428064
0.0 0.4045521405729016
0.0 0.40454663687467296
0.0 0.4045426881895946
0.0 0.4045402945176666
0.0 0.4045394558588889
0.0 0.4045394558588889
0.0 0.4045394558588889
0.0 0.4045394558588889
0.0 0.4045394558588889
0.0 0.4045394558588889
0.0 0.4045394558588889
0.0 0.4045394558588889
0.0 0.4045394558588889
0.0 0.4045394558588889
0.0 0.4045394558588889
0.0 0.4045394570564232
