0.0 0.393777138821541
0.0 0.3941185842495337
0.0 0.394528318763125
0.0 0.39500634236231486
0.0 0.39555265504710324
0.0 0.39616725681749004
0.0 0.39685014767347554
0.0 0.397533038529461
0.0 0.3982159293854464
0.0 0.39889882024143186
0.0 0.3995817110974173
0.0 0.40026460195340274
0.0 0.40094749280938824
0.0 0.40165463757613906
0.0 0.40240477791197427
0.0 0.4031979138168936
0.0 0.40403404529089726
0.0 0.4049131723339852
0.0 0.40583529494615733
0.0 0.4068004131274137
0.0 0.40780852687775426
0.0 0.40885963619717913
0.0 0.4099537410856883
0.0 0.41106658763251613
0.0 0.412179434179344
0.0 0.41329228072617186
0.0 0.4144051272729997
0.0 0.41551797381982764
0.0 0.4166308203666555
0.0 0.4177487874209942
0.0 0.4189066944339175
0.0 0.42010454140542514
0.0 0.4213423283355174
0.0 0.4226200552241941
0.0 0.42393772207145525
0.0 0.425295328877301
0.0 0.4266928756417312
0.0 0.428130362364746
0.0 0.4296077890463452
0.0 0.43112003517901815
0.0 0.43263228131169107
0.0 0.43414452744436394
0.0 0.43565677357703686
0.0 0.4371690197097097
0.0 0.43868126584238265
0.0 0.4401935119750556
0.0 0.441789736910276
0.0 0.4435072645602875
0.0 0.44534609492508986
0.0 0.44730622800468317
0.0 0.44938766379906747
0.0 0.4515904023082427
0.0 0.4539144435322089
0.0 0.45635978747096606
0.0 0.45892643412451417
0.0 0.4616143834928532
0.0 0.46433965677343564
0.0 0.46706493005401806
0.0 0.4697902033346005
0.0 0.4725154766151829
0.0 0.4752407498957653
0.0 0.47796602317634773
0.0 0.4807061248522032
0.0 0.48350405726962337
0.0 0.48635982042860826
0.0 0.48927341432915794
0.0 0.49224483897127236
0.0 0.4952740943549515
0.0 0.4983611804801954
0.0 0.501506097347004
0.0 0.5047088449553775
0.0 0.5079694233053155
0.0 0.5112730040015454
0.0 0.5145765846977752
0.0 0.5178801653940052
0.0 0.5211837460902351
0.0 0.5244873267864648
0.0 0.5277909074826947
0.0 0.5310944881789246
0.0 0.5343531418731561
0.0 0.5375570407837024
0.0 0.5407061849105631
0.0 0.5438005742537386
0.0 0.5468402088132286
0.0 0.5498250885890332
0.0 0.5527552135811525
0.0 0.5556305837895863
0.0 0.5584511992143348
0.0 0.5612170598553979
0.0 0.5639730927147739
0.0 0.5667291255741498
0.0 0.5694851584335258
0.0 0.5722411912929017
0.0 0.5749972241522777
0.0 0.5777532570116538
0.0 0.580482966051282
0.0 0.5831442331595659
0.0 0.5857370583365055
0.0 0.5882614415821009
0.0 0.5907173828963521
0.0 0.593104882279259
0.0 0.5954239397308216
0.0 0.5976745552510401
0.0 0.5998567288399143
0.0 0.6019704604974442
0.0 0.6040420740433776
0.0 0.6061136875893111
0.0 0.6081853011352444
0.0 0.6102569146811779
0.0 0.6123285282271114
0.0 0.6144001417730448
0.0 0.6164717553189782
0.0 0.6185210014478582
0.0 0.620546671110114
0.0 0.6225487643057458
0.0 0.6245272810347535
0.0 0.6264822212971374
0.0 0.628413585092897
0.0 0.6303213724220328
0.0 0.6322055832845446
0.0 0.6340662176804323
0.0 0.6359032756096958
0.0 0.6377391244893891
0.0 0.6395749733690822
0.0 0.6414108222487753
0.0 0.6432466711284686
0.0 0.6450825200081618
0.0 0.646918368887855
0.0 0.6487289641708625
0.0 0.6504903149403327
0.0 0.6522024211962658
0.0 0.6538652829386618
0.0 0.6554789001675205
0.0 0.657043272882842
0.0 0.6585584010846264
0.0 0.6600242847728736
0.0 0.6614409239475836
0.0 0.6628083186087563
0.0 0.6641517223530778
0.0 0.665495126097399
0.0 0.6668385298417205
0.0 0.6681819335860419
0.0 0.6695253373303632
0.0 0.6708687410746845
0.0 0.6722144260006757
0.0 0.6735897662883742
0.0 0.6749947619377796
0.0 0.6764294129488926
0.0 0.6778937193217126
0.0 0.67938768105624
0.0 0.6809112981524745
0.0 0.6824645706104162
0.0 0.6840474984300653
0.0 0.6856600816114214
0.0 0.6873000389728152
0.0 0.6889399963342088
0.0 0.6905799536956024
0.0 0.692219911056996
0.0 0.6938598684183898
0.0 0.6954998257797835
0.0 0.6971397831411771
0.0 0.6988652861415506
0.0 0.7007242403387328
0.0 0.7027166457327237
0.0 0.7048425023235232
0.0 0.7071018101111312
0.0 0.7094945690955479
0.0 0.7120207792767731
0.0 0.7146804406548072
0.0 0.7174735532296498
0.0 0.720400117001301
0.0 0.7233745863307809
0.0 0.7263490556602609
0.0 0.7293235249897408
0.0 0.7322979943192208
0.0 0.7352724636487008
0.0 0.7382469329781808
0.0 0.7412348019209095
0.0 0.7442879939782259
0.0 0.7474065091501298
0.0 0.7505903474366215
0.0 0.7538395088377007
0.0 0.7571539933533674
0.0 0.7605338009836218
0.0 0.763978931728464
0.0 0.7674893855878938
0.0 0.771065162561911
0.0 0.7746928630372673
0.0 0.7783205635126235
0.0 0.7819482639879798
0.0 0.785575964463336
0.0 0.7892036649386922
0.0 0.7928313654140483
0.0 0.7964590658894046
0.0 0.8000916058240379
0.0 0.8037304370557316
0.0 0.8073755595844858
0.0 0.8110269734103001
0.0 0.8146846785331747
0.0 0.8183486749531097
0.0 0.822018962670105
0.0 0.8256955416841607
0.0 0.8293784119952766
0.0 0.833067573603453
0.0 0.8367581870494123
0.0 0.8404488004953717
0.0 0.8441394139413312
0.0 0.8478300273872906
0.0 0.8515206408332501
0.0 0.8552112542792095
0.0 0.8589155237936587
0.0 0.8626607615135768
0.0 0.866446967438964
0.0 0.8702741415698204
0.0 0.8741422839061459
0.0 0.8780513944479402
0.0 0.8820014731952037
0.0 0.8859925201479363
0.0 0.8900245353061377
0.0 0.8940975186698085
0.0 0.8981978141704584
0.0 0.9022981096711085
0.0 0.9063984051717586
0.0 0.9104987006724087
0.0 0.9145989961730586
0.0 0.9186992916737087
0.0 0.9227995871743586
0.0 0.9269425686513051
0.0 0.9311331145018393
0.0 0.9353712247259613
0.0 0.9396568993236707
0.0 0.9439901382949678
0.0 0.9483709416398526
0.0 0.952799309358325
0.0 0.9572752414503849
0.0 0.9617987379160325
0.0 0.9663697987552679
0.0 0.9709457379917942
0.0 0.9755216772283204
0.0 0.9800976164648467
0.0 0.984673555701373
0.0 0.9892494949378994
0.0 0.9938254341744257
0.0 0.9983475438089988
0.0 1.0027530226393397
0.0 1.007041870665449
0.0 1.0112140878873261
0.0 1.0152696743049714
0.0 1.019208629918385
0.0 1.0230309547275664
0.0 1.026736648732516
0.0 1.0303257119332336
0.0 1.0337981443297193
0.0 1.0372077755239262
0.0 1.0406174067181333
0.0 1.0440270379123404
0.0 1.0474366691065473
0.0 1.0508463003007542
0.0 1.0542559314949613
0.0 1.0576654451132588
0.0 1.061070373271092
0.0 1.064470715968461
0.0 1.0678664732053655
0.0 1.0712576449818056
0.0 1.0746442312977815
0.0 1.0780262321532925
0.0 1.0814036475483397
0.0 1.0847764774829223
0.0 1.0881447219570404
0.0 1.0915084985466037
0.0 1.0948722751361668
0.0 1.0982360517257301
0.0 1.1015998283152932
0.0 1.1049636049048566
0.0 1.1083273814944195
0.0 1.1116911580839828
0.0 1.115109646831745
0.0 1.1186209083694967
0.0 1.1222249426972382
0.0 1.125921749814969
0.0 1.1297113297226895
0.0 1.1335936824203998
0.0 1.1375688079080997
0.0 1.1416367061857888
0.0 1.1457973772534678
0.0 1.1500508211111364
0.0 1.1543423256005958
0.0 1.1586338300900547
0.0 1.1629253345795139
0.0 1.1672168390689732
0.0 1.1715083435584321
0.0 1.1757998480478915
0.0 1.1800822811860996
0.0 1.184305750541175
0.0 1.1884702561131175
0.0 1.1925757979019278
0.0 1.1966223759076053
0.0 1.2006099901301504
0.0 1.2045386405695626
0.0 1.2084083272258428
0.0 1.2122190500989896
0.0 1.2159708091890045
0.0 1.2196726758471375
0.0 1.2233745425052704
0.0 1.2270764091634037
0.0 1.2307782758215366
0.0 1.2344801424796699
0.0 1.2381820091378029
0.0 1.241883875795936
0.0 1.245530177805791
0.0 1.2490990861984017
0.0 1.2525906009737682
0.0 1.25600472213189
0.0 1.2593414496727673
0.0 1.2626007835964002
0.0 1.2657827239027888
0.0 1.2688872705919334
0.0 1.2719144236638331
0.0 1.2748641831184886
0.0 1.2777921136041777
0.0 1.2807200440898665
0.0 1.2836479745755558
0.0 1.2865759050612449
0.0 1.289503835546934
0.0 1.2924317660326228
0.0 1.2953674600439964
0.0 1.2983306792827969
0.0 1.3013214237490245
0.0 1.3043396934426787
0.0 1.30738548836376
0.0 1.3104588085122684
0.0 1.3135596538882035
0.0 1.3166880244915657
0.0 1.3198439203223546
0.0 1.3230273413805704
0.0 1.3262305241405288
0.0 1.3294337069004873
0.0 1.3326368896604457
0.0 1.335840072420404
0.0 1.3390432551803624
0.0 1.342246437940321
0.0 1.3454496207002793
0.0 1.3486606706313675
0.0 1.351881018128337
0.0 1.3551106631911871
0.0 1.3583496058199183
0.0 1.3615978460145304
0.0 1.3648553837750235
0.0 1.3681222191013973
0.0 1.3713983519936521
0.0 1.3746837824517877
0.0 1.3779785104758042
0.0 1.3812746688945718
0.0 1.3845708273133397
0.0 1.3878669857321073
0.0 1.3911631441508747
0.0 1.3944593025696423
0.0 1.3977554609884097
0.0 1.4010175989705511
0.0 1.4041968121384165
0.0 1.407293100492006
0.0 1.410306464031319
0.0 1.4132369027563558
0.0 1.4160844166671165
0.0 1.4188490057636012
0.0 1.4215306700458097
0.0 1.4241294095137422
0.0 1.4266452241673984
0.0 1.4291121344434046
0.0 1.4315790447194108
0.0 1.434045954995417
0.0 1.4365128652714234
0.0 1.4389797755474294
0.0 1.4414466858234356
0.0 1.4439135960994418
0.0 1.4463449523733267
0.0 1.4487398190134557
0.0 1.4510981960198284
0.0 1.4534200833924447
0.0 1.4557054811313048
0.0 1.4579543892364093
0.0 1.4601668077077574
0.0 1.4623427365453499
0.0 1.464482175749186
0.0 1.4665851253192659
0.0 1.468687139257711
0.0 1.4707891531961563
0.0 1.4728911671346014
0.0 1.4749931810730463
0.0 1.4770951950114914
0.0 1.4791972089499368
0.0 1.4812959194023958
0.0 1.4833884948094525
0.0 1.4854749351711067
0.0 1.4875552404873582
0.0 1.4896294107582078
0.0 1.4916974459836543
0.0 1.4937593461636984
0.0 1.4958151112983402
0.0 1.4978647413875792
0.0 1.499908236431416
0.0 1.5019488999158366
0.0 1.5039895634002565
0.0 1.5060302268846768
0.0 1.5080708903690971
0.0 1.510111553853517
0.0 1.5121522173379371
0.0 1.5141874174793704
0.0 1.5161693500266804
0.0 1.5180980149798673
0.0 1.5199734123389308
0.0 1.5217955421038711
0.0 1.5235644042746879
0.0 1.5252799988513814
0.0 1.5269423258339518
0.0 1.5285513852223986
0.0 1.5301071770167227
0.0 1.5316151645599105
0.0 1.5331231521030984
0.0 1.5346311396462862
0.0 1.5361391271894738
0.0 1.5376471147326616
0.0 1.5391551022758494
0.0 1.5406630898190372
0.0 1.5421453912417245
0.0 1.5435891634836607
0.0 1.544994406544846
0.0 1.5463611204252803
0.0 1.5476893051249638
0.0 1.5489789606438964
0.0 1.5502300869820782
0.0 1.551442684139509
0.0 1.5526167521161889
0.0 1.5537522909121178
0.0 1.5548749866477962
0.0 1.555997682383475
0.0 1.5571203781191534
0.0 1.558243073854832
0.0 1.5593657695905108
0.0 1.5604884653261895
0.0 1.5616108595305094
0.0 1.5627319470989407
0.0 1.563851728031484
0.0 1.5649702023281393
0.0 1.5660873699889062
0.0 1.5672032310137851
0.0 1.5683177854027759
0.0 1.5694310331558787
0.0 1.5705429742730928
0.0 1.5716536087544188
0.0 1.5727632381312153
0.0 1.573872867508012
0.0 1.5749824968848087
0.0 1.5760921262616052
0.0 1.577201755638402
0.0 1.5783113850151984
0.0 1.5794210143919951
0.0 1.5805279433430741
0.0 1.5816314749843794
0.0 1.582731609315911
0.0 1.5838283463376686
0.0 1.5849216860496524
0.0 1.5860116284518626
0.0 1.587098173544299
0.0 1.5881813213269613
0.0 1.5892610717998499
0.0 1.5903374249629652
0.0 1.591413081242024
0.0 1.5924887375210828
0.0 1.5935643938001414
0.0 1.5946400500792002
0.0 1.5957157063582588
0.0 1.5967913626373176
0.0 1.597856806924556
0.0 1.5988938035202944
0.0 1.5999023524245333
0.0 1.6008824536372726
0.0 1.6018341071585118
0.0 1.6027573129882513
0.0 1.6036520711264914
0.0 1.6045183815732316
0.0 1.605356244328472
0.0 1.6061656593922127
0.0 1.606956838756274
0.0 1.6077480181203354
0.0 1.6085391974843968
0.0 1.6093303768484581
0.0 1.6101215562125195
0.0 1.6109127355765809
0.0 1.6117039149406422
0.0 1.6124972186376585
0.0 1.6132928236953756
0.0 1.614090730113794
0.0 1.6148909378929128
0.0 1.6156934470327329
0.0 1.6164982575332543
0.0 1.6173053693944761
0.0 1.618114782616399
0.0 1.6189264971990232
0.0 1.6197405131423483
0.0 1.6205547061134196
0.0 1.6213688990844908
0.0 1.6221830920555622
0.0 1.6229972850266332
0.0 1.6238114779977044
0.0 1.6246256709687756
0.0 1.6254461487066707
0.0 1.6262795267554144
0.0 1.6271258051150068
0.0 1.6279849837854476
0.0 1.6288570627667371
0.0 1.6297420420588755
0.0 1.6306399216618628
0.0 1.6315507015756983
0.0 1.6324743818003824
0.0 1.6334109623359154
0.0 1.6343541584154733
0.0 1.6352973544950316
0.0 1.6362405505745894
0.0 1.6371837466541477
0.0 1.6381269427337055
0.0 1.6390701388132636
0.0 1.6400135867915246
0.0 1.6409619467944954
0.0 1.6419152188221762
0.0 1.6428734028745666
0.0 1.643836498951667
0.0 1.6448045070534771
0.0 1.6457774271799974
0.0 1.646755259331227
0.0 1.6477380035071665
0.0 1.648725659707816
0.0 1.6497179760344722
0.0 1.6507102923611285
0.0 1.6517026086877846
0.0 1.6526949250144412
0.0 1.6536872413410975
0.0 1.6546795576677535
0.0 1.6556718739944098
0.0 1.6566706821357016
0.0 1.657680039475776
0.0 1.6586999460146328
0.0 1.6597304017522725
0.0 1.6607714066886947
0.0 1.6618229608238995
0.0 1.662885064157887
0.0 1.6639577166906572
0.0 1.6650409184222101
0.0 1.6661346693525454
0.0 1.667232477667028
0.0 1.6683302859815108
0.0 1.6694280942959934
0.0 1.670525902610476
0.0 1.6716237109249583
0.0 1.672721519239441
0.0 1.6738192283095945
0.0 1.6749163844470567
0.0 1.676012987651828
0.0 1.677109037923908
0.0 1.678204535263297
0.0 1.6792994796699947
0.0 1.6803938711440016
0.0 1.6814877096853174
0.0 1.6825809952939417
0.0 1.6836737279698752
0.0 1.684766006957447
0.0 1.6858582859450182
0.0 1.68695056493259
0.0 1.6880428439201616
0.0 1.6891351229077332
0.0 1.6902274018953045
0.0 1.691319680882876
0.0 1.692399369948626
0.0 1.6934621277402024
0.0 1.6945079542576051
0.0 1.6955368495008338
0.0 1.6965488134698892
0.0 1.6975438461647712
0.0 1.6985219475854787
0.0 1.6994831177320133
0.0 1.7004273566043735
0.0 1.7013546642025603
0.0 1.7022776304483953
0.0 1.7032005966942296
0.0 1.7041235629400642
0.0 1.705046529185899
0.0 1.7059694954317335
0.0 1.706892461677568
0.0 1.7078055112642307
0.0 1.7086863317085839
0.0 1.7095349230106276
0.0 1.710351285170362
0.0 1.7111354181877867
0.0 1.7118873220629023
0.0 1.712606996795708
0.0 1.7132944423862047
0.0 1.7139496588343919
0.0 1.7145726461402697
0.0 1.7151733209630102
0.0 1.7157739957857507
0.0 1.7163746706084912
0.0 1.7169753454312318
0.0 1.7175760202539723
0.0 1.718176695076713
0.0 1.7187773698994535
0.0 1.7193417118847378
0.0 1.7198643779682345
0.0 1.7203453681499432
0.0 1.7207846824298643
0.0 1.7211823208079973
0.0 1.7215382832843427
0.0 1.7218525698589
0.0 1.7221251805316697
0.0 1.7223561153026514
0.0 1.7225453741718455
0.0 1.7227292899767077
0.0 1.72291320578157
0.0 1.7230971215864321
0.0 1.7232810373912943
0.0 1.7234649531961566
0.0 1.7236488690010188
0.0 1.7238154131199557
0.0 1.7239421045476513
0.0 1.7240289432841063
0.0 1.7240759293293206
0.0 1.7240830626832944
0.0 1.7240503433460275
0.0 1.7239777713175197
0.0 1.723865346597771
0.0 1.7237130691867815
0.0 1.7235209390845514
0.0 1.7233063279770056
0.0 1.7230917168694602
0.0 1.7228771057619148
0.0 1.722662494654369
0.0 1.7224478835468233
0.0 1.722233272439278
0.0 1.7220186613317323
0.0 1.7217844018939705
0.0 1.7215304941259926
0.0 1.721256938027798
0.0 1.7209637335993868
0.0 1.72065088084076
0.0 1.7203183797519166
0.0 1.7199662303328567
0.0 1.7195944325835806
0.0 1.719202986504088
0.0 1.7187918920943792
0.0 1.7183807976846706
0.0 1.717969703274962
0.0 1.7175586088652532
0.0 1.7171475144555441
0.0 1.7167364200458355
0.0 1.7163253256361268
0.0 1.7159077266085943
0.0 1.7154785966676476
0.0 1.7150379358132863
0.0 1.7145857440455108
0.0 1.7141220213643207
0.0 1.713646767769716
0.0 1.7131599832616968
0.0 1.712661667840263
0.0 1.7121518215054152
0.0 1.7116304442571528
0.0 1.7111040407132996
0.0 1.710577637169446
0.0 1.710051233625593
0.0 1.7095248300817396
0.0 1.7089984265378861
0.0 1.708472022994033
0.0 1.707940671054565
0.0 1.7073707216293044
0.0 1.7067621747182502
0.0 1.7061150303214037
0.0 1.7054292884387636
0.0 1.7047049490703303
0.0 1.7039420122161044
0.0 1.7031404778760855
0.0 1.7023003460502735
0.0 1.7014216167386682
0.0 1.7005092383368845
0.0 1.6995968599351008
0.0 1.6986844815333173
0.0 1.6977721031315332
0.0 1.6968597247297494
0.0 1.695947346327966
0.0 1.6950349679261825
0.0 1.6941110513102802
0.0 1.6931704683850957
0.0 1.6922132191506285
0.0 1.6912393036068791
0.0 1.6902487217538478
0.0 1.6892414735915335
0.0 1.6882175591199369
0.0 1.687176978339058
0.0 1.686119731248897
0.0 1.6850458178494532
0.0 1.683966776354846
0.0 1.6828877348602385
0.0 1.6818086933656313
0.0 1.680729651871024
0.0 1.6796506103764166
0.0 1.678571568881809
0.0 1.677493467370341
0.0 1.6764190317931156
0.0 1.6753482621501332
0.0 1.674281158441394
0.0 1.6732177206668966
0.0 1.672157948826643
0.0 1.6711018429206312
0.0 1.670049402948863
0.0 1.6690006289113375
0.0 1.667955520808055
0.0 1.6669131386558762
0.0 1.6658707565036974
0.0 1.6648283743515186
0.0 1.6637859921993399
0.0 1.6627436100471609
0.0 1.6617012278949819
0.0 1.660658845742803
0.0 1.6595879509615405
0.0 1.658482306413582
0.0 1.6573419120989281
0.0 1.656166768017578
0.0 1.6549568741695322
0.0 1.6537122305547907
0.0 1.6524328371733537
0.0 1.6511186940252205
0.0 1.6497698011103916
0.0 1.6483861584288666
0.0 1.6469962786097299
0.0 1.645606398790593
0.0 1.6442165189714564
0.0 1.6428266391523196
0.0 1.641436759333183
0.0 1.6400468795140462
0.0 1.6386394439051069
0.0 1.6371863632426815
0.0 1.63568763752677
0.0 1.634143266757372
0.0 1.632553250934488
0.0 1.6309175900581179
0.0 1.6292362841282613
0.0 1.627509333144919
0.0 1.6257367371080897
0.0 1.6239184960177748
0.0 1.6220721656637758
0.0 1.6202258353097767
0.0 1.6183795049557776
0.0 1.6165331746017788
0.0 1.6146868442477798
0.0 1.612840513893781
0.0 1.6109941835397819
0.0 1.6091532626456022
0.0 1.607318043614476
0.0 1.6054885264464027
0.0 1.6036647111413824
0.0 1.6018465976994154
0.0 1.6000341861205012
0.0 1.5982274764046398
0.0 1.5964264685518317
0.0 1.5946311625620768
0.0 1.5928415584353746
0.0 1.5910522467119064
0.0 1.5892629349884375
0.0 1.5874736232649687
0.0 1.5856843115415002
0.0 1.5838949998180318
0.0 1.5821056880945634
0.0 1.5803125106871045
0.0 1.5785117951958645
0.0 1.5767035416208435
0.0 1.5748877499620417
0.0 1.5730644202194584
0.0 1.5712335523930943
0.0 1.569395146482949
0.0 1.5675492024890227
0.0 1.5656957204113153
0.0 1.5638347002498267
0.0 1.5619700076885474
0.0 1.5601053151272684
0.0 1.558240622565989
0.0 1.5563759300047098
0.0 1.5545112374434304
0.0 1.5526465448821511
0.0 1.5507786564234836
0.0 1.548869221298766
0.0 1.5469182395079981
0.0 1.544925711051181
0.0 1.5428916359283138
0.0 1.5408160141393963
0.0 1.538698845684429
0.0 1.5365401305634119
0.0 1.5343398687763448
0.0 1.5320980603232277
0.0 1.5298179011014492
0.0 1.5275377418796707
0.0 1.5252575826578922
0.0 1.5229774234361138
0.0 1.5206972642143353
0.0 1.5184171049925568
0.0 1.5161369457707785
0.0 1.513847177961901
0.0 1.5115424207571486
0.0 1.5092226741565213
0.0 1.5068879381600198
0.0 1.5045382127676437
0.0 1.5021734979793926
0.0 1.4997937937952668
0.0 1.4973991002152665
0.0 1.4949894172393914
0.0 1.4925647448676418
0.0 1.4901346916871165
0.0 1.487704638506591
0.0 1.485274585326066
0.0 1.482844532145541
0.0 1.4804144789650158
0.0 1.4779844257844905
0.0 1.475552848394516
0.0 1.4731138404834774
0.0 1.4706674020513737
0.0 1.468213533098206
0.0 1.465752233623974
0.0 1.4632835036286773
0.0 1.4608073431123159
0.0 1.4583237520748904
0.0 1.4558327305164
0.0 1.4533342784368455
0.0 1.4508299200456756
0.0 1.4483255616545052
0.0 1.445821203263335
0.0 1.4433168448721652
0.0 1.4408124864809952
0.0 1.438308128089825
0.0 1.4358037696986552
0.0 1.4333016651220873
0.0 1.4308024905045023
0.0 1.4283062458459002
0.0 1.4258129311462806
0.0 1.4233225464056443
0.0 1.4208350916239905
0.0 1.4183505668013197
0.0 1.4158689719376316
0.0 1.4133903070329266
0.0 1.410914572087204
0.0 1.4084395132858625
0.0 1.4059644544845207
0.0 1.403489395683179
0.0 1.4010143368818373
0.0 1.3985392780804957
0.0 1.396064219279154
0.0 1.3935954671663973
0.0 1.391145635119395
0.0 1.3887147231381471
0.0 1.3863027312226543
0.0 1.3839096593729154
0.0 1.3815355075889313
0.0 1.379180275870702
0.0 1.3768439642182269
0.0 1.3745265726315068
0.0 1.3722281011105406
0.0 1.3699422429667447
0.0 1.3676563848229484
0.0 1.3653705266791525
0.0 1.3630846685353564
0.0 1.36079881039156
0.0 1.3585129522477637
0.0 1.3562270941039676
0.0 1.3539318704380015
0.0 1.3516262109044737
0.0 1.349310115503385
0.0 1.3469835842347355
0.0 1.3446466170985247
0.0 1.3422992140947527
0.0 1.33994137522342
0.0 1.3375731004845257
0.0 1.3351943898780705
0.0 1.3328052434040543
0.0 1.3304150265846473
0.0 1.3280248097652398
0.0 1.3256345929458329
0.0 1.3232443761264256
0.0 1.3208541593070184
0.0 1.318463942487611
0.0 1.3160598227342915
0.0 1.3136255799574943
0.0 1.3111612141572198
0.0 1.3086667253334676
0.0 1.3061421134862385
0.0 1.3035873786155316
0.0 1.3010025207213474
0.0 1.2983875398036864
0.0 1.2957424358625476
0.0 1.293067208897931
0.0 1.2903757618437501
0.0 1.2876843147895691
0.0 1.2849928677353881
0.0 1.2823014206812073
0.0 1.2796099736270263
0.0 1.2769185265728453
0.0 1.274227029936056
0.0 1.271533599577538
0.0 1.2688382354972916
0.0 1.2661409376953165
0.0 1.263441706171613
0.0 1.260740540926181
0.0 1.2580374419590201
0.0 1.255332409270131
0.0 1.2526254428595132
0.0 1.249916542727167
0.0 1.2472057584557006
0.0 1.2444949741842342
0.0 1.2417841899127675
0.0 1.239073405641301
0.0 1.2363626213698344
0.0 1.2336518370983682
0.0 1.2309410528269018
0.0 1.2282274517275664
0.0 1.2255090742679313
0.0 1.222785920447997
0.0 1.2200579902677628
0.0 1.2173252837272293
0.0 1.2145878008263962
0.0 1.2118455415652638
0.0 1.2090985059438315
0.0 1.2063466939621
0.0 1.2035901056200686
0.0 1.2008315577456068
0.0 1.1980730098711452
0.0 1.1953144619966833
0.0 1.1925559141222215
0.0 1.18979736624776
0.0 1.1870388183732978
0.0 1.1842701213465856
0.0 1.181435454830244
0.0 1.178534818824273
0.0 1.175568213328673
0.0 1.1725356383434438
0.0 1.1694370938685852
0.0 1.1662725799040974
0.0 1.1630420964499804
0.0 1.159745643506234
0.0 1.1563832210728586
0.0 1.1529649783021045
0.0 1.1495467355313504
0.0 1.1461284927605964
0.0 1.1427102499898425
0.0 1.1392920072190884
0.0 1.1358737644483343
0.0 1.1324555216775802
0.0 1.1290237810425474
0.0 1.125573239810841
0.0 1.1221038979824602
0.0 1.1186157555574054
0.0 1.115108812535677
0.0 1.1115830689172743
0.0 1.1080385247021982
0.0 1.1044751798904477
0.0 1.1008930344820234
0.0 1.0972920884769253
0.0 1.0936858397394318
0.0 1.0900795910019383
0.0 1.0864733422644446
0.0 1.0828670935269513
0.0 1.0792608447894576
0.0 1.0756545960519641
0.0 1.072063062016652
0.0 1.0685236982890738
0.0 1.0650365048692292
0.0 1.0616014817571182
0.0 1.0582186289527409
0.0 1.0548879464560974
0.0 1.0516094342671878
0.0 1.0483830923860118
0.0 1.0452089208125697
0.0 1.042086919546861
0.0 1.0390023738867051
0.0 1.035917828226549
0.0 1.032833282566393
0.0 1.029748736906237
0.0 1.026664191246081
0.0 1.023579645585925
0.0 1.020495099925769
0.0 1.0174177431595135
0.0 1.0143488823587772
0.0 1.01128851752356
0.0 1.0082366486538616
0.0 1.005193275749682
0.0 1.0021583988110216
0.0 0.9991320178378802
0.0 0.9961141328302576
0.0 0.9931047437881542
0.0 0.9901038507115697
0.0 0.9871042647066035
0.0 0.9841046787016374
0.0 0.9811050926966711
0.0 0.978105506691705
0.0 0.9751059206867387
0.0 0.9721063346817727
0.0 0.9690973317561727
0.0 0.966065375086528
0.0 0.9630104646728386
0.0 0.9599326005151047
0.0 0.9568317826133257
0.0 0.9537080109675022
0.0 0.9505612855776341
0.0 0.9473916064437209
0.0 0.9441989735657632
0.0 0.9409833869437607
0.0 0.9377542634983473
0.0 0.9345251400529339
0.0 0.9312960166075205
0.0 0.9280668931621072
0.0 0.9248377697166937
0.0 0.9216086462712804
0.0 0.9183795228258668
0.0 0.9151846794745598
0.0 0.9120250183250989
0.0 0.908900539377484
0.0 0.9058112426317153
0.0 0.9027571280877927
0.0 0.8997381957457161
0.0 0.8967544456054855
0.0 0.893805877667101
0.0 0.8908924919305626
0.0 0.8880142883958702
0.0 0.8851369869689175
0.0 0.8822596855419649
0.0 0.8793823841150123
0.0 0.8765050826880595
0.0 0.873627781261107
0.0 0.8707504798341543
0.0 0.867898189325757
0.0 0.8650923476661053
0.0 0.8623329548551995
0.0 0.8596200108930393
0.0 0.8569535157796248
0.0 0.854333469514956
0.0 0.851759872099033
0.0 0.8492327235318556
0.0 0.8467520238134243
0.0 0.8443177729437382
0.0 0.8419049600042425
0.0 0.839492147064747
0.0 0.8370793341252514
0.0 0.8346665211857557
0.0 0.8322537082462601
0.0 0.8298408953067646
0.0 0.827425119158903
0.0 0.8249804517294719
0.0 0.8225068930184711
0.0 0.8200044430259013
0.0 0.817473101751762
0.0 0.8149128691960532
0.0 0.8123237453587749
0.0 0.8097057302399273
0.0 0.8070588238395102
0.0 0.8043830261575238
0.0 0.8016813004023339
0.0 0.7989795746471442
0.0 0.7962778488919544
0.0 0.7935761231367646
0.0 0.7908743973815748
0.0 0.788172671626385
0.0 0.7854709458711953
0.0 0.7827425854495111
0.0 0.7799742730280853
0.0 0.7771660086069181
0.0 0.7743177921860092
0.0 0.7714296237653588
0.0 0.7685015033449671
0.0 0.7655334309248334
0.0 0.7625254065049584
0.0 0.7594774300853419
0.0 0.7563895016659838
0.0 0.7532882559133786
0.0 0.7501870101607732
0.0 0.7470857644081678
0.0 0.7439845186555624
0.0 0.7408832729029571
0.0 0.7377820271503518
0.0 0.7346810406329134
0.0 0.7315811774678651
0.0 0.7284824376552067
0.0 0.7253848211949384
0.0 0.72228832808706
0.0 0.7191929583315718
0.0 0.7160987119284734
0.0 0.7130055888777651
0.0 0.7099135891794469
0.0 0.7068227128335187
0.0 0.7037327006048135
0.0 0.7006426883761084
0.0 0.6975526761474033
0.0 0.6944626639186982
0.0 0.691372651689993
0.0 0.6882826394612878
0.0 0.6851926272325827
0.0 0.6821062606813104
0.0 0.6790244806274536
0.0 0.6759472870710121
0.0 0.6728746800119864
0.0 0.6698066594503761
0.0 0.6667432253861812
0.0 0.6636843778194019
0.0 0.660630116750038
0.0 0.6575804421780898
0.0 0.6545353541035569
0.0 0.6514912068490067
0.0 0.6484470595944565
0.0 0.6454029123399063
0.0 0.6423587650853562
0.0 0.639314617830806
0.0 0.6362704705762557
0.0 0.633224977854239
0.0 0.6301757370442801
0.0 0.627122748146379
0.0 0.6240660111605355
0.0 0.6210055260867499
0.0 0.6179412929250219
0.0 0.6148733116753515
0.0 0.6118015823377388
0.0 0.6087261049121839
0.0 0.6056468793986868
0.0 0.6025652512647139
0.0 0.599483623130741
0.0 0.596401994996768
0.0 0.5933203668627952
0.0 0.5902387387288223
0.0 0.5871571105948492
0.0 0.5840754824608761
0.0 0.5810283896487441
0.0 0.5780187101019397
0.0 0.5750464438204627
0.0 0.5721115908043136
0.0 0.569214151053492
0.0 0.5663541245679979
0.0 0.5635315113478315
0.0 0.5607463113929928
0.0 0.5579985247034815
0.0 0.555288151279298
0.0 0.552580655798601
0.0 0.5498731603179042
0.0 0.5471656648372075
0.0 0.5444581693565107
0.0 0.5417506738758138
0.0 0.539043178395117
0.0 0.5363718728782839
0.0 0.5337748520241183
0.0 0.5312521158326207
0.0 0.5288036643037908
0.0 0.5264294974376286
0.0 0.524129615234134
0.0 0.5219040176933072
0.0 0.519752704815148
0.0 0.5176756765996566
0.0 0.5156729330468329
0.0 0.5137082841928131
0.0 0.5117436353387934
0.0 0.5097789864847737
0.0 0.5078143376307539
0.0 0.5058496887767342
0.0 0.5038850399227144
0.0 0.5019236209442687
0.0 0.5000251845395145
0.0 0.49818973070845185
0.0 0.4964172594510809
0.0 0.4947077707674016
0.0 0.4930612646574139
0.0 0.49147774112111786
0.0 0.4899572001585134
0.0 0.4884996417696006
0.0 0.4871050659543794
0.0 0.485770242837276
0.0 0.48443541972017246
0.0 0.483100596603069
0.0 0.4817657734859655
0.0 0.480430950368862
0.0 0.47909612725175854
0.0 0.477761304134655
0.0 0.4764545861526862
0.0 0.47519353901531125
0.0 0.4739781627225302
0.0 0.47280845727434295
0.0 0.4716844226707496
0.0 0.4706060589117501
0.0 0.4695733659973445
0.0 0.4685863439275328
0.0 0.4676449927023149
0.0 0.4667493123216908
0.0 0.465871197650526
0.0 0.4649930829793612
0.0 0.4641149683081964
0.0 0.4632368536370315
0.0 0.46235873896586666
0.0 0.46148062429470177
0.0 0.4606094271389235
0.0 0.45977677042601306
0.0 0.4589826541559707
0.0 0.4582270783287961
0.0 0.4575100429444895
0.0 0.45683154800305076
0.0 0.4561915935044799
0.0 0.45559017944877706
0.0 0.4550273058359421
0.0 0.45450297266597506
0.0 0.4540102624234894
0.0 0.45351755218100365
0.0 0.4530248419385179
0.0 0.45253213169603224
0.0 0.4520394214535465
0.0 0.4515467112110608
0.0 0.45105400096857506
0.0 0.45044364299051176
0.0 0.449675069092189
0.0 0.4487482792736067
0.0 0.44766327353476504
0.0 0.4464200518756638
0.0 0.44501861429630307
0.0 0.4434589607966828
0.0 0.44174109137680306
0.0 0.4398650060366638
0.0 0.43783070477626507
0.0 0.43575583533118456
0.0 0.433680965886104
0.0 0.4316060964410234
0.0 0.42953122699594276
0.0 0.42745635755086214
0.0 0.4253814881057816
0.0 0.4233301852039126
0.0 0.4213554735674815
0.0 0.41945735319648825
0.0 0.417635824090933
0.0 0.4158908862508155
0.0 0.41422253967613576
0.0 0.41263078436689393
0.0 0.41111562032309
0.0 0.40967704754472395
0.0 0.4083150660317957
0.0 0.4070061092410937
0.0 0.4056971524503917
0.0 0.40438819565968964
0.0 0.40307923886898767
0.0 0.40177028207828563
0.0 0.40046132528758355
0.0 0.39915236849688157
0.0 0.3979575258879331
0.0 0.39689357895805477
0.0 0.3959605277072467
0.0 0.3951583721355088
0.0 0.3944871122428411
0.0 0.3939467480292436
0.0 0.3935372794947163
0.0 0.3932587066392592
0.0 0.3931110294628723
0.0 0.39309424796555564
0.0 0.39309424796555564
0.0 0.39309424796555564
0.0 0.39309424796555564
0.0 0.39309424796555564
0.0 0.39309424796555564
0.0 0.39309424796555564
0.0 0.39309424796555564
0.0 0.39309424796555564
0.0 0.39309424796555564
0.0 0.39309424796555564
0.0 0.39309424796555564
0.0 0.39309424796555564
0.0 0.39309424796555564
0.0 0.39309424796555564
0.0 0.39309424796555564
0.0 0.39309424796555564
0.0 0.39309424796555564
0.0 0.39309424796555564
0.0 0.39309424796555564
0.0 0.39309424796555564
0.0 0.39309424796555564
0.0 0.39309424796555564
0.0 0.39309424796555564
0.0 0.39309424796555564
0.0 0.39309424796555564
0.0 0.39309424796555564
0.0 0.393777138821541
